[config file info]
last write = "14:03:14_13:32:29"

[Run_Parameters]
file_origin = reconstructed_from_DB
Comments = no%20comment
Plate_Size = 48
Screen_Run_Type = pre_screen_1
run_ID = A
Save_Data_File = BY4741__BY4743_Klactis_AntimycinA_YPD
run_plate_repeat = 1
Parent_ID = 13759
Strain_Name = 
media_name = ypd
drug_vol = 2.00
growth_params = not_used
user = elisa_ubc
Drug_Name = antimycin a
Quarter = A
Units = uM
Project_Name = elisa_ubc
Instrument = Tecan_9
time_frm_freezer = -1.00
gens_frm_freezer = -1.00
Strain_Plate = none
Drug_Plate = none
drug_plate_dil_factor = 1.000000
instrument_params = not_used
Ini_Names = Read_Reps,Delid,Save_Data_File,Start_Time_Now
Plate_Type = Griener48rdft.pdf
Samples_to_Run = 6
Overlay_Size = 48
Plate_Quarter = A
Read_Reps = 200
Read_Modes = Absorbance
Read_Flor_Every = 2
Max_Delta_OD = 0.500000
Well_By_Row_Col = none
Reorder_Map = Order_Strings_Not,0
Tip_Vol = 200
Save_Mix_Vol = 0
Save_Mix_Labware = save_mix_pos_48
Save_Mix_Reps = 0
Add_Drug_Mix_Reps = 0
OD_to_Innoc = 0.100,0.100,0.380,0.380,0.380,0.380,0.760,0.760,0.100,0.100,0.380,0.380,0.380,0.380,0.760,0.760,0.100,0.100,0.380,0.380,0.380,0.380,0.760,0.760,0.100,0.100,0.380,0.380,0.380,0.380,0.760,0.760,0.100,0.100,0.380,0.380,0.380,0.380,0.760,0.760,0.100,0.100,0.380,0.380,0.380,0.380,0.760,0.760
Absorption_Max = .3
OD_to_Save = 0.100,0.100,0.380,0.380,0.380,0.380,0.760,0.760,0.100,0.100,0.380,0.380,0.380,0.380,0.760,0.760,0.100,0.100,0.380,0.380,0.380,0.380,0.760,0.760,0.100,0.100,0.380,0.380,0.380,0.380,0.760,0.760,0.100,0.100,0.380,0.380,0.380,0.380,0.760,0.760,0.100,0.100,0.380,0.380,0.380,0.380,0.760,0.760
OD_to_Dilute = 0.100
Save_Sample_Vol = 180
Save_Sample_Reps = 2
Innoc_Vol = 184,184,46,46,46,46,0,0,184,184,46,46,46,46,0,0,184,184,46,46,46,46,0,0,184,184,46,46,46,46,0,0,184,184,46,46,46,46,0,0,184,184,46,46,46,46,0,0
Dilute_Vol = 23,23,23,23,23,23,23,23,23,23,23,23,23,23,23,23,23,23,23,23,23,23,23,23,23,23,23,23,23,23,23,23,23,23,23,23,23,23,23,23,23,23,23,23,23,23,23,23
Save_Vol = 800,800,800,800,800,800,800,800,800,800,800,800,800,800,800,800,800,800,800,800,800,800,800,800,800,800,800,800,800,800,800,800,800,800,800,800,800,800,800,800,800,800,800,800,800,800,800,800
Reference_Vol = 100,100,100,100,100,100,100,100,100,100,100,100,100,100,100,100,100,100,100,100,100,100,100,100,100,100,100,100,100,100,100,100,100,100,100,100,100,100,100,100,100,100,100,100,100,100,100,100,100,100,100,100,100,100,100,100,100,100,100,100,100,100,100,100,100,100,100,100,100,100,100,100,100,100,100,100,100,100,100,100,100,100,100,100,100,100,100,100,100,100,100,100,100,100,100,100
Read_to_Innoc = 20,20,20,20,20,20,20,20,20,20,20,20,20,20,20,20,20,20,20,20,20,20,20,20,20,20,20,20,20,20,20,20,20,20,20,20,20,20,20,20,20,20,20,20,20,20,20,20
Read_to_Dilute = 26,26,26,26,26,26,26,26,26,26,26,26,26,26,26,26,26,26,26,26,26,26,26,26,26,26,26,26,26,26,26,26,26,26,26,26,26,26,26,26,26,26,26,26,26,26,26,26
Read_to_Save = 20,20,20,20,20,20,20,20,20,20,20,20,20,20,20,20,20,20,20,20,20,20,20,20,20,20,20,20,20,20,20,20,20,20,20,20,20,20,20,20,20,20,20,20,20,20,20,20
Innoc_Target_Map = 1,2,3,4,5,6,7,8,9,10,11,12,13,14,15,16,17,18,19,20,21,22,23,24,25,26,27,28,29,30,31,32,33,34,35,36,37,38,39,40,41,42,43,44,45,46,47,48
Pipet_Trigger = OD_Save_Innoc
Pipet_Volume_Adj = Con_OD_Save
Delid = no
Pre_Init = yes
Talk_To_ProMax = no
Time_Out_Time = 1050
Wait_While_Busy = yes
Idle_Time = 2
Spect_Protocol = 15m
Spec_Run_File = GG_PB_Voyage.pda
Spec_Assay_File = Yeast_Growth_15m
Working_Dir = C%3AUsersGrowth_Data
Run_Control_Dir = C%3AUsersYeast_Run_Files
Save_Run_Data_Flag = yes
Set_Incubator_Temp = 30.0
Base_Line_Flag = atstart_minimum
Pipet_Cycles_Before_Save = 20
Time_Point_Save = wellmap
Innoc_Direction = down
Wells_In_Use = 111111111111111111111111111111111111111111111111
Save_Sample_Map = 111111001111110011111100111111001111110011111100
Sections_to_Run = 1
Rows_per_Section = 8
Start_Sections_Row = 1
MultiProbe_Run_File = MJP_Innoc_Save_Tecan_1_Falcon.MPT
Multiprobe_Run_Dialogue = yes
Target_Temp = 290
Temp_Control = On
Delta_Temp = 10.0
ReadMode = Absorbance,Top
ExcitationFilter = 485
EmissionFilter = 535
MeasurementFilter = 595
ReadsPerWellNumber = 1,1
ShakeDuration = 800,0
ShakeIntensity = high
GainMode = Manual
PdfName = NUN96ft.pdf
Gain = 60
Add_Drug_Map = 1,1,1,1,1,1,1,1,1,1,1,1,1,1,1,1,1,1,1,1,1,1,1,1,1,1,1,1,1,1,1,1,1,1,1,1,1,1,1,1,1,1,1,1,1,1,1,1
Add_Drug_Vol = 7,7,7,7,7,7,7,7,7,7,7,7,7,7,7,7,7,7,7,7,7,7,7,7,7,7,7,7,7,7,7,7,7,7,7,7,7,7,7,7,7,7,7,7,7,7,7,7
Innoc_Map = 111011101110111011101110111011101110111011101110111011101110111011101110111011101110111011101110
Dilute_Map = 111111111111111111111111111111111111111111111111111111111111111111111111111111111111111111111111
data_file_name = iS_1_96.txt
Hit_Call_Threshold = 0.76
Reference_Well = A01
WT_Ref_Well = 0
Pipet_Gens_Point = 5.00,5.00,5.00,5.00,5.00,5.00,5.00,5.00,5.00,5.00,5.00,5.00,5.00,5.00,5.00,5.00,20.0,20.0,20.0,20.0,20.0,20.0,20.0,20.0,15.0,15.0,15.0,15.0,15.0,15.0,15.0,15.0,10.0,10.0,10.0,10.0,10.0,10.0,10.0,10.0,5.00,5.00,5.00,5.00,5.00,5.00,5.00,5.00,,
Shake_Divisor = 1
data_handling = file_&_DB_&_auto_analysis
well_vol = 700
Save_Mode = use_save_map
Consolidate_Save_Map = 17,18,19,20,21,22,23,24,17,18,19,20,21,22,23,24,17,18,19,20,21,22,23,24,17,18,19,20,21,22,23,24,17,18,19,20,21,22,23,24,17,18,19,20,21,22,23,24
Add_Drug_at_Start_Map = 000000000000000000000000000000000000000000000000000
Add_Drug_Labware = add_drug_96
Max_Dynam_OD_Change = 0.05
Reads_After_Pipet = 1
Ref_Type = single_ref
Read_to_Add_Drug_at_Start = 16
Send_Email_at_Pipet = no_email
config_DB_update_wells = yes
OD_Gen_Pt_48 = 0.76
Gens_to_OD_Pt_48 = 5.00
OD_Gen_Pt_96 = 0.46
Gens_to_OD_Pt_96 = 5.00
OD_Gen_Pt_384 = 0.460
Gens_to_OD_Pt_384 = 5.000
OD_Gen_Pt_1536 = 0.460
Gens_to_OD_Pt_1536 = 5.000
Save_Pos_Labware = save_pos_96_ind
Save_Well_Convert_Row_Col = row_to_col
Orientation_allowed_error = 0.1
Pipet_Trigger_Well_Map = 1,2,3,4,5,6,7,8,9,10,11,12,13,14,15,16,17,18,19,20,21,22,23,24,25,26,27,28,29,30,31,32,33,34,35,36,37,38,39,40,41,42,43,44,45,46,47,48
Upload_Run_Data_Every = 10
innoc_chk_change = 0.5
save_chk_change = 0.3
Add_Drug_Delay_Reads_Map = 0
Media = ypd
Drug_Conc = 170.8
Innoc_Conc = 0.06250
ShakeMode = Orbital
NumberOfFlashes = 1
PartOfPlate = 0
MovePlateOutAfterMeasurement = 0
IntegrationLagTime = 0
IntegrationTime = 100
DelayMoveFlashFluorescence = 0
Strain_Pool = ho1
OD_Gen_Pt_100 = 0.206
Gens_to_OD_Pt_100 = 4
ExcitationBandWidth = 5
AbsorbanceBandWidth = 10
EmisionBandWidth = 25,20
diluent = dmso,dmso,dmso,dmso,dmso,dmso,dmso,dmso,dmso,dmso,dmso,dmso,dmso,dmso,dmso,dmso,dmso,dmso,dmso,dmso,dmso,dmso,dmso,dmso,dmso,dmso,dmso,dmso,dmso,dmso,dmso,dmso,dmso,dmso,dmso,dmso,dmso,dmso,dmso,dmso,dmso,dmso,dmso,dmso,dmso,dmso,dmso,dmso\00D\00A
EmissionBandWidth = 5
robot_name = Yeast_Grower_3
Plate_ID = "29356"
growth_plate_id = "29356"

[Run_Parameters_Track_Changes]

[Runtime_State]
Instrument = Tecan_9
Start_Time_Now = 3.4740635007E+9
Reads_Completed = 101
Innoc_Direction = down
Wells_In_Use = 111111111111111111111111111111111111111111111111
Innoc_Map = 111111101111111011111110111111101111111011111110
Dilute_Map = 111111111111111111111111111111111111111111111111
Save_Sample_Map = 000000000000000000000000000000000000000000000000
Current_OD = 1.726,1.728,1.702,1.714,1.722,1.732,1.728,1.724,1.732,1.737,1.757,1.669,1.687,1.690,1.695,2.139,1.675,1.676,1.649,1.640,1.641,1.708,1.749,1.714,1.681,1.684,1.632,1.645,1.730,1.720,1.730,2.063,1.515,1.531,1.542,1.554,1.533,1.586,1.602,1.613,1.540,1.568,1.611,1.550,1.563,1.577,1.608,2.255
Bckgrnd_OD = 0.145,0.154,0.130,0.101,0.105,0.102,0.103,0.101,0.097,0.098,0.101,0.096,0.094,0.097,0.097,0.096,0.178,0.149,0.129,0.104,0.101,0.099,0.101,0.102,0.105,0.096,0.097,0.095,0.094,0.096,0.098,0.097,0.156,0.153,0.137,0.113,0.110,0.110,0.111,0.110,0.103,0.106,0.107,0.105,0.106,0.111,0.110,0.110
Mapped = 111111111111111111111111111111111111111111111111
Pipet_Completed = 000000000000000000000000000000000000000000000000
Innoc_Completed = 0,0,0,0,0,0,0,0,0,0,0,0,0,0,0,0,0,0,0,0,0,0,0,0,0,0,0,0,0,0,0,0,0,0,0,0,0,0,0,0,0,0,0,0,0,0,0,0
Save_Completed = 0,0,0,0,0,0,0,0,0,0,0,0,0,0,0,0,0,0,0,0,0,0,0,0,0,0,0,0,0,0,0,0,0,0,0,0,0,0,0,0,0,0,0,0,0,0,0,0
Pipeted_At = 0,0,0,0,0,0,0,0,0,0,0,0,0,0,0,0,0,0,0,0,0,0,0,0,0,0,0,0,0,0,0,0,0,0,0,0,0,0,0,0,0,0,0,0,0,0,0,0
Pipeted_OD = 0,0,0,0,0,0,0,0,0,0,0,0,0,0,0,0,0,0,0,0,0,0,0,0,0,0,0,0,0,0,0,0,0,0,0,0,0,0,0,0,0,0,0,0,0,0,0,0
Dilutes_Completed = 0,0,0,0,0,0,0,0,0,0,0,0,0,0,0,0,0,0,0,0,0,0,0,0,0,0,0,0,0,0,0,0,0,0,0,0,0,0,0,0,0,0,0,0,0,0,0,0
Time_At_Innoc = 0,0,0,0,0,0,0,0,0,0,0,0,0,0,0,0,0,0,0,0,0,0,0,0,0,0,0,0,0,0,0,0,0,0,0,0,0,0,0,0,0,0,0,0,0,0,0,0
Time_At_Save = 0,0,0,0,0,0,0,0,0,0,0,0,0,0,0,0,0,0,0,0,0,0,0,0,0,0,0,0,0,0,0,0,0,0,0,0,0,0,0,0,0,0,0,0,0,0,0,0
Time_At_Dilute = 0,0,0,0,0,0,0,0,0,0,0,0,0,0,0,0,0,0,0,0,0,0,0,0,0,0,0,0,0,0,0,0,0,0,0,0,0,0,0,0,0,0,0,0,0,0,0,0
Previous_OD = 1.726,1.728,1.702,1.714,1.722,1.732,1.728,1.724,1.732,1.737,1.757,1.669,1.687,1.690,1.695,2.139,1.675,1.676,1.649,1.640,1.641,1.708,1.749,1.714,1.681,1.684,1.632,1.645,1.730,1.720,1.730,2.063,1.515,1.531,1.542,1.554,1.533,1.586,1.602,1.613,1.540,1.568,1.611,1.550,1.563,1.577,1.608,2.255
Prev_Delta_OD = 0.008,0.006,-0.024,0.008,-0.006,0.005,-0.005,0.001,0.009,0.005,-0.001,-0.001,-0.002,-0.001,-0.003,0.018,-0.006,0.005,0.003,0.002,0.000,-0.005,0.008,-0.005,0.000,0.008,-0.001,0.000,-0.011,-0.005,0.005,0.004,-0.002,0.002,0.002,0.003,0.001,-0.002,0.001,0.002,-0.004,-0.003,0.003,0.000,-0.001,0.000,-0.001,0.006
Delta_From_Ref = 0.000,0.000,-0.705,-0.480,-1.685,-2.963,-12.170,-11.482,0.000,0.000,-2.881,-3.175,-2.961,-3.418,-12.597,-11.336,0.000,0.000,-2.511,-2.868,-3.813,-3.845,-16.177,-18.944,0.000,0.000,-6.181,-6.531,-6.588,-6.592,-18.858,-19.524,0.000,0.000,-2.793,-3.111,-3.669,-4.864,-15.532,-16.413,0.000,0.000,-6.346,-6.626,-6.502,-7.066,-18.238,-32.909
Sig_OD_Delta = 0,0,0,0,0,0,0,0,0,0,0,0,0,0,0,0,0,0,0,0,0,0,0,0,0,0,0,0,0,0,0,0,0,0,0,0,0,0,0,0,0,0,0,0,0,0,0,0
Add_Drug_at_Start_Map = 000000000000000000000000000000000000000000000000
Instrument_Status = analyzed
datetime = 2014-02-01
18:17:46
Run_Status = analyzed
Save_OK_Chk = 000000000000000000000000000000000000000000000000
Look_Back_Atpipet_Index = 0,1,2,3,4,5,6,7,8,9,10,11,12,13,14,15,16,17,18,19,20,21,22,23,24,25,26,27,28,29,30,31,32,33,34,35,36,37,38,39,40,41,42,43,44,45,46,47
Temp_Bckgrnd = 0.145,0.154,0.130,0.101,0.105,0.102,0.103,0.101,0.097,0.098,0.101,0.096,0.094,0.097,0.097,0.096,0.178,0.149,0.129,0.104,0.101,0.099,0.101,0.102,0.105,0.096,0.097,0.095,0.094,0.096,0.098,0.097,0.156,0.153,0.137,0.113,0.110,0.110,0.111,0.110,0.103,0.106,0.107,0.105,0.106,0.111,0.110,0.110
Look_Ahead_Index = 0,1,2,3,4,5,6,7,8,9,10,11,12,13,14,15,16,17,18,19,20,21,22,23,24,25,26,27,28,29,30,31,32,33,34,35,36,37,38,39,40,41,42,43,44,45,46,47
Innoc_OK_Chk = 000000000000000000000000000000000000000000000000
Plate_Size = 48

[Runtime_State_Track_Changes]

[Drug_Data]
Drug_Plate = none
Strain_Plate = none
run_ID = A
run_plate_repeat = 1
Parent_ID = 13759
user = elisa_ubc
Project_Name = elisa_ubc
media_name = ypd
Quarter = A
time_frm_freezer = -1
gens_frm_freezer = -1
drug_plate_dil_factor = 1
Well_Pos = 1,2,3,4,5,6,7,8,9,10,11,12,13,14,15,16,17,18,19,20,21,22,23,24,25,26,27,28,29,30,31,32,33,34,35,36,37,38,39,40,41,42,43,44,45,46,47,48
Well_Alias = A06,B06,C06,D06,E06,F06,G06,H06,A05,B05,C05,D05,E05,F05,G05,H05,A04,B04,C04,D04,E04,F04,G04,H04,A03,B03,C03,D03,E03,F03,G03,H03,A02,B02,C02,D02,E02,F02,G02,H02,A01,B01,C01,D01,E01,F01,G01,H01
Drug_Name = antimycin a,antimycin a,antimycin a,antimycin a,antimycin a,antimycin a,antimycin a,antimycin a,antimycin a,antimycin a,antimycin a,antimycin a,antimycin a,antimycin a,antimycin a,antimycin a,antimycin a,antimycin a,antimycin a,antimycin a,antimycin a,antimycin a,antimycin a,antimycin a,antimycin a,antimycin a,antimycin a,antimycin a,antimycin a,antimycin a,antimycin a,antimycin a,antimycin a,antimycin a,antimycin a,antimycin a,antimycin a,antimycin a,antimycin a,antimycin a,antimycin a,antimycin a,antimycin a,antimycin a,antimycin a,antimycin a,antimycin a,antimycin a
Drug_Conc = 170.8,75.9,33.75,15,0,0,0,0,6.66,2.96,1.31,0.585,0,0,0,0,170.8,75.9,33.75,15,0,0,0,0,6.66,2.96,1.31,0.585,0,0,0,0,170.8,75.9,33.75,15,0,0,0,0,6.66,2.96,1.31,0.585,0,0,0,0
Units = uM,uM,uM,uM,,,,,uM,uM,uM,uM,,,,,uM,uM,uM,uM,,,,,uM,uM,uM,uM,,,,,uM,uM,uM,uM,,,,,uM,uM,uM,uM,,,,
Drug_Vol = ,,,,,,,,,,,,,,,,,,,,,,,,,,,,,,,,,,,,,,,,,,,,,,,
Strain_Pool = by4741,by4741,by4741,by4741,,,,,by4741,by4741,by4741,by4741,,,,,by4743,by4743,by4743,by4743,,,,,by4743,by4743,by4743,by4743,,,,,kluveromyces lactis,kluveromyces lactis,kluveromyces lactis,kluveromyces lactis,kluveromyces lactis,kluveromyces lactis,kluveromyces lactis,kluveromyces lactis,kluveromyces lactis,kluveromyces lactis,kluveromyces lactis,kluveromyces lactis,kluveromyces lactis,kluveromyces lactis,kluveromyces lactis,kluveromyces lactis
Innoc_Conc = 0.06250,0.06250,0.06250,0.06250,,,,,0.06250,0.06250,0.06250,0.06250,,,,,0.06250,0.06250,0.06250,0.06250,,,,,0.06250,0.06250,0.06250,0.06250,,,,,0.06250,0.06250,0.06250,0.06250,,,,,0.06250,0.06250,0.06250,0.06250,,,,
Strain_Backgrnd = ,,,,,,,,,,,,,,,,,,,,,,,,,,,,,,,,,,,,,,,,,,,,,,,
well_media = ypd,ypd,ypd,ypd,,,,,ypd,ypd,ypd,ypd,,,,,ypd,ypd,ypd,ypd,,,,,ypd,ypd,ypd,ypd,,,,,ypd,ypd,ypd,ypd,,,,,ypd,ypd,ypd,ypd,,,,
Well_Vol = 700,700,700,700,700,700,700,700,700,700,700,700,700,700,700,700,700,700,700,700,700,700,700,700,700,700,700,700,700,700,700,700,700,700,700,700,700,700,700,700,700,700,700,700,700,700,700,700
diluent = dmso,dmso,dmso,dmso,,,,,dmso,dmso,dmso,dmso,,,,,dmso,dmso,dmso,dmso,,,,,dmso,dmso,dmso,dmso,,,,,dmso,dmso,dmso,dmso,,,,,dmso,dmso,dmso,dmso,,,,
Condition = 170.8,75.9,33.75,15,0,0,0,0,6.66,2.96,1.31,0.585,0,0,0,0,170.8,75.9,33.75,15,0,0,0,0,6.66,2.96,1.31,0.585,0,0,0,0,170.8,75.9,33.75,15,0,0,0,0,6.66,2.96,1.31,0.585,0,0,0,0

[Analysis]
db_table = analysis_plate_info
Analysis_Set = A
Multi_refs = single_ref
Fit_Model = all
Fit_Const_OD_Base = 0
Fit_Const_N0 = 0.018
Fit_Const_T0 = 0
G_Fit_Min = 0.1
G_Fit_Delta = 0.4
Fit_On_Off = 0.000,0.000,0.000,0.000,0.000,0.000,0.000,0.000,0.000,0.000,0.000,0.000,0.000,0.000,0.000,0.000,0.000,0.000,0.000,0.000,0.000,0.000,0.000,0.000,0.000,0.000,0.000,0.000,0.000,0.000,0.000,0.000,0.000,0.000,0.000,0.000,0.000,0.000,0.000,0.000,0.000,0.000,0.000,0.000,0.000,0.000,0.000,0.000
G_Plot_Min = 0.1
G_Plot_Delta = 0.7
Plot_On_Off = 
gen_time_cutoff = 24.5439
Gens_to_OD_Pt = 5
OD_Gen_Pt = 0.76
Multi_refs = single_ref
ref_id = A01
Comm_Map = ,,,,,
Comm_Consol = ,,,,,,,,
Comm_Screen = ,,,,,
Start_Time_Now = 3.4740635010E+9
Start_Date = 1/31/2014+5:38 PM
Plate_Ref_Filename = 
ignore_curve_before = 0
gen_time_cutoff = 24.5439
sum_box_od = 0.75
sum_box_on = yes
sum_box_use_ODG = no
ignore_curve_before = 0
Decision = no_inh,ps2_4_1,no_inh,ps2_4_1,no_inh,ps2_4_1,no_inh,ps2_4_1,no_inh,ps2_4_1,no_inh,ps2_4_1,no_inh,ps2_1_1,no_inh,ps2_2_1,no_inh,ps2_4_1,ps2_1_1,ps2_2_1,ps2_1_1,no_inh,no_inh,ps2_2_1,no_inh,no_inh,no_inh,no_inh,no_inh,ps2_1_1,no_inh,no_inh,no_inh,no_inh,no_inh,no_inh,no_inh,no_inh,no_inh,no_inh,no_inh,no_inh,ps2_4_1,no_inh,no_inh,no_inh,no_inh,no_inh
Avg_G = 1.953,2.507,1.926,2.481,2.185,2.801,1.906,2.378,1.853,2.321,2.101,2.636,1.876,2.229,1.813,2.168,2.058,2.449,1.837,2.112,1.777,2.062,1.962,2.32,1.855,2.061,1.795,1.938,2.025,2.187,1.839,1.97,1.788,1.978,1.995,2.091,1.814,1.909,1.776,1.918,1.982,2.009,1.415,1.871,1.795,1.786,2.019,2.08
Max_Slope = 1.5,1.517,1.15,1.419,1.275,0.961,1.501,1.517,1.238,1.202,1.501,1.35,1.493,1.429,1.298,1.186,1.518,1.265,1.456,1.457,1.149,0.79,0.922,0.844,1.594,1.522,0.792,1.219,1.4,1.336,1.387,1.247,0.967,0.93,1.384,1.254,1.397,1.43,0.845,0.816,1.329,1.374,1.222,1.388,0.848,1.247,0.872,0.827
t0_from_interval = 1.358,2.465,2.316,3.786,2.276,3.659,1.103,2.651,1.672,3.348,1.944,3.479,1.096,2.415,1.799,2.955,2.205,3.167,1.282,1.982,1.824,2.572,2.401,2.713,1.262,1.787,2.061,2.622,2.458,2.468,1.446,1.441,2.123,2.252,2.262,2.136,1.313,1.479,2.093,1.797,2.366,2.301,0.871,1.387,2.184,1.844,2.203,1.682
Fit_Offset = 0.09,0.145,0.096,0.176,0.084,0.141,0.084,0.144,0.08,0.146,0.087,0.148,0.091,0.128,0.082,0.126,0.092,0.126,0.094,0.103,0.082,0.099,0.088,0.098,0.097,0.1,0.086,0.093,0.091,0.098,0.1,0.1,0.091,0.091,0.091,0.097,0.098,0.094,0.09,0.091,0.094,0.099,0.099,0.096,0.09,0.095,0.088,0.09
Fit_N0 = 0.017,0.013,0.012,0.006,0.015,0.009,0.019,0.011,0.017,0.008,0.014,0.008,0.018,0.013,0.016,0.01,0.012,0.009,0.015,0.014,0.014,0.009,0.012,0.009,0.015,0.014,0.013,0.012,0.01,0.011,0.014,0.015,0.011,0.012,0.011,0.011,0.016,0.016,0.012,0.013,0.01,0.011,0.016,0.016,0.012,0.012,0.012,0.014
Fit_T0 = 0.479,0.702,1.386,2.157,1.324,1.859,0.129,1.216,0.484,1.738,0.818,1.674,0.338,1.247,0.632,1.471,1.143,1.417,0.644,1.023,0.606,1.484,1.063,1.329,0.673,1.022,0.96,1.382,1.378,1.267,0.852,0.717,1.231,1.378,1.191,1.291,0.816,0.55,1.045,1.191,1.396,1.313,0.517,0.538,1.13,1.054,1.127,0.874
Fit_G = 1.567,1.902,1.233,1.298,1.568,1.701,1.688,1.603,1.545,1.371,1.56,1.573,1.544,1.541,1.448,1.374,1.389,1.561,1.388,1.536,1.373,1.234,1.411,1.476,1.387,1.479,1.305,1.309,1.25,1.435,1.277,1.462,1.141,1.265,1.32,1.314,1.335,1.499,1.237,1.254,1.19,1.258,1.029,1.475,1.213,1.206,1.384,1.464
Fit_Error = 0,0,0,0,0,0,0,0,0,0,0,0,0,0,0,0,0,0,0,0,0,0,0,0,0,0,0,0,0,0,0,0,0,0,0,0,0,0,0,0,0,0,0,0,0,0,0,0
Time_to_each_n_Gens = 9.763,12.535,9.632,12.406,10.924,14.007,9.532,11.891,9.265,11.606,10.504,13.178,9.378,11.147,9.067,10.84,10.29,12.245,9.187,10.561,8.884,10.309,9.809,11.602,9.273,10.304,8.976,9.689,10.127,10.934,9.197,9.849,8.942,9.892,9.973,10.455,9.068,9.546,8.882,9.591,9.91,10.043,7.076,9.354,8.974,8.929,10.097,10.398
Sum_Delta_Ref = 0,7.918,2.219,7.881,2.357,11.708,0.764,5.132,0.097,5.042,2.059,9.204,0.207,2.998,0.054,4.859,2.259,7.228,2.482,3.789,2.966,1.326,1.451,3.959,1.289,2.246,1.764,0.766,0.165,2.558,1.827,1.322,1.884,0.987,0.695,1.674,0.775,0.052,0.354,0.746,0.415,1.634,7.168,0.323,1.508,2.087,1.414,0.026
Gens_at_time_G = 5,5,5,5,5,5,5,5,5,5,5,5,5,5,5,5,5,5,5,5,5,5,5,5,5,5,5,5,5,5,5,5,5,5,5,5,5,5,5,5,5,5,5,5,5,5,5,5
G_by_Interval = 1.681,2.014,1.463,1.724,1.729,2.07,1.686,1.848,1.518,1.652,1.712,1.94,1.656,1.747,1.454,1.577,1.617,1.816,1.581,1.716,1.412,1.548,1.481,1.778,1.602,1.703,1.383,1.413,1.534,1.693,1.55,1.682,1.364,1.528,1.542,1.664,1.551,1.613,1.358,1.559,1.509,1.548,1.241,1.593,1.358,1.417,1.579,1.743
Drug_Well_Pos = A1,A2,A3,A4,A5,A6,B1,B2,B3,B4,B5,B6,C1,C2,C3,C4,C5,C6,D1,D2,D3,D4,D5,D6,E1,E2,E3,E4,E5,E6,F1,F2,F3,F4,F5,F6,G1,G2,G3,G4,G5,G6,H1,H2,H3,H4,H5,H6
Ref_Curve_Array = 1,1,1,1,1,1,1,1,1,1,1,1,1,1,1,1,1,1,1,1,1,1,1,1,1,1,1,1,1,1,1,1,1,1,1,1,1,1,1,1,1,1,1,1,1,1,1,1
Ref_Well_Name = A01,A01,A01,A01,A01,A01,A01,A01,A01,A01,A01,A01,A01,A01,A01,A01,A01,A01,A01,A01,A01,A01,A01,A01,A01,A01,A01,A01,A01,A01,A01,A01,A01,A01,A01,A01,A01,A01,A01,A01,A01,A01,A01,A01,A01,A01,A01,A01
Analysis_Set = A,A,A,A,A,A,A,A,A,A,A,A,A,A,A,A,A,A,A,A,A,A,A,A,A,A,A,A,A,A,A,A,A,A,A,A,A,A,A,A,A,A,A,A,A,A,A,A
Ref_Type = single_ref,single_ref,single_ref,single_ref,single_ref,single_ref,single_ref,single_ref,single_ref,single_ref,single_ref,single_ref,single_ref,single_ref,single_ref,single_ref,single_ref,single_ref,single_ref,single_ref,single_ref,single_ref,single_ref,single_ref,single_ref,single_ref,single_ref,single_ref,single_ref,single_ref,single_ref,single_ref,single_ref,single_ref,single_ref,single_ref,single_ref,single_ref,single_ref,single_ref,single_ref,single_ref,single_ref,single_ref,single_ref,single_ref,single_ref,single_ref
Sum_Del_12 = 0,6.663,0.914,7.679,3.16,9.557,-0.633,5.592,-0.432,5.584,1.957,8.498,-0.798,3.749,-0.757,3.712,1.941,6.742,-1.418,2.387,-1.516,1.93,1.431,5.068,-1.154,1.588,-1.186,1.04,1.378,3.451,-1.454,0.483,-1.269,0.641,1.161,1.859,-1.372,-0.278,-0.986,-0.073,0.807,1.393,-6.352,-0.603,-1.133,-1.381,1.76,1.061
Sum_Del_20 = 0,7.354,1.711,7.702,2.605,11.189,-0.704,5.21,-0.095,5.151,1.986,8.988,-0.159,3.216,-0.24,4.364,2.105,6.936,-2.058,3.219,-2.396,1.519,1.419,4.29,-1.218,1.97,-1.527,0.85,0.597,2.835,-1.663,0.997,-1.632,-0.386,0.849,1.711,-0.977,-0.069,-0.575,0.438,0.03,1.518,-6.754,-0.016,-1.348,-1.798,1.513,0.365
Sum_Del_24 = 0,7.657,2.097,7.674,2.336,11.366,-0.738,5.024,0.068,4.941,2,8.962,0.15,2.958,0.011,4.679,2.184,7.021,-2.367,3.622,-2.822,1.32,1.412,3.914,-1.249,2.155,-1.692,0.758,0.219,2.536,-1.764,1.246,-1.807,-0.884,0.699,1.64,-0.785,0.032,-0.376,0.685,-0.346,1.579,-6.948,0.269,-1.452,-2,1.393,0.027
Sum_12 = 14.129,7.466,13.215,6.45,10.969,4.573,14.763,8.538,14.562,8.545,12.173,5.632,14.928,10.38,14.886,10.418,12.188,7.387,15.548,11.742,15.645,12.199,12.698,9.062,15.284,12.542,15.316,13.09,12.752,10.678,15.584,13.646,15.398,13.488,12.969,12.271,15.501,14.407,15.116,14.202,13.322,12.737,20.482,14.733,15.262,15.51,12.369,13.068
Sum_20 = 38.149,30.796,36.439,30.447,35.545,26.96,38.853,32.94,38.244,32.999,36.164,29.161,38.309,34.933,38.389,33.786,36.044,31.214,40.207,34.93,40.545,36.63,36.731,33.859,39.368,36.179,39.676,37.299,37.552,35.315,39.813,37.152,39.781,38.536,37.3,36.438,39.126,38.218,38.725,37.712,38.119,36.631,44.903,38.165,39.497,39.947,36.637,37.785
Sum_24 = 49.785,42.128,47.688,42.111,47.449,38.419,50.523,44.761,49.717,44.844,47.785,40.823,49.635,46.827,49.774,45.106,47.601,42.764,52.152,46.163,52.607,48.465,48.373,45.871,51.034,47.63,51.477,49.027,49.566,47.249,51.549,48.539,51.592,50.669,49.086,48.145,50.57,49.753,50.161,49.1,50.131,48.206,56.733,49.516,51.237,51.785,48.392,49.758
Avg_G_tcut = 1.953,2.507,1.926,2.481,2.185,2.801,1.906,2.378,1.853,2.321,2.101,2.636,1.876,2.229,1.813,2.168,2.058,2.449,1.837,2.112,1.777,2.062,1.962,2.32,1.855,2.061,1.795,1.938,2.025,2.187,1.839,1.97,1.788,1.978,1.995,2.091,1.814,1.909,1.776,1.918,1.982,2.009,1.415,1.871,1.795,1.786,2.019,2.08
Avg_G_t8 = 1.943,2.834,1.955,3.052,2.265,3.677,1.885,2.581,1.874,2.65,2.123,3.209,1.859,2.333,1.834,2.335,2.13,2.888,1.817,2.139,1.783,2.091,2.094,2.54,1.826,2.06,1.793,1.969,2.068,2.31,1.8,1.957,1.789,1.957,2.032,2.113,1.789,1.895,1.779,1.862,2.003,2.046,1.415,1.856,1.8,1.782,2.109,2.025
Avg_G_t12 = 1.953,2.504,1.926,2.493,2.185,2.853,1.906,2.378,1.853,2.321,2.101,2.662,1.876,2.229,1.813,2.168,2.058,2.455,1.837,2.112,1.777,2.062,1.962,2.32,1.855,2.061,1.795,1.938,2.025,2.187,1.839,1.97,1.788,1.978,1.995,2.091,1.814,1.909,1.776,1.918,1.982,2.009,1.415,1.871,1.795,1.786,2.019,2.08
G_int_tcut = 1.681,2.014,1.463,1.724,1.729,2.07,1.686,1.848,1.518,1.652,1.712,1.94,1.656,1.747,1.454,1.577,1.617,1.816,1.581,1.716,1.412,1.548,1.481,1.778,1.602,1.703,1.383,1.413,1.534,1.693,1.55,1.682,1.364,1.528,1.542,1.664,1.551,1.613,1.358,1.559,1.509,1.548,1.241,1.593,1.358,1.417,1.579,1.743
G_int_t8 = 1.571,1.928,1.354,1.444,1.531,1.851,1.589,1.591,1.474,1.434,1.528,1.558,1.575,1.525,1.418,1.396,1.501,1.693,1.499,1.527,1.372,1.327,1.487,1.586,1.502,1.524,1.315,1.279,1.369,1.524,1.433,1.555,1.301,1.327,1.409,1.462,1.468,1.505,1.305,1.371,1.352,1.403,1.241,1.503,1.296,1.358,1.51,1.486
G_int_t12 = 1.681,1.982,1.463,1.71,1.729,1.925,1.686,1.848,1.518,1.652,1.712,1.866,1.656,1.747,1.454,1.577,1.617,1.814,1.581,1.716,1.412,1.548,1.481,1.778,1.602,1.703,1.383,1.413,1.534,1.693,1.55,1.682,1.364,1.528,1.542,1.664,1.551,1.613,1.358,1.559,1.509,1.548,1.241,1.593,1.358,1.417,1.579,1.743
G_int_inflex = 1.66,2.021,1.485,1.742,1.729,2.07,1.693,1.841,1.545,1.685,1.712,1.949,1.656,1.736,1.462,1.596,1.636,1.816,1.523,1.726,1.412,1.548,1.475,1.778,1.584,1.659,1.363,1.412,1.559,1.694,1.536,1.682,1.338,1.524,1.555,1.666,1.557,1.617,1.321,1.585,1.529,1.558,1.241,1.598,1.335,1.448,1.572,1.743
Avg_G_inflex = 1.948,2.52,1.939,2.499,2.185,2.801,1.913,2.387,1.874,2.345,2.101,2.641,1.88,2.234,1.824,2.179,2.069,2.449,1.813,2.125,1.785,2.062,1.963,2.32,1.852,2.045,1.795,1.954,2.041,2.188,1.838,1.975,1.782,1.987,2.006,2.092,1.821,1.915,1.774,1.934,1.996,2.014,1.415,1.879,1.793,1.807,2.023,2.08
G_by_interval_g4 = 1.617,1.925,1.367,1.564,1.645,1.928,1.583,1.724,1.45,1.575,1.622,1.817,1.569,1.658,1.383,1.558,1.507,1.715,1.471,1.619,1.352,1.464,1.436,1.677,1.485,1.581,1.326,1.363,1.49,1.591,1.422,1.574,1.277,1.433,1.476,1.552,1.43,1.506,1.283,1.444,1.464,1.485,1.146,1.497,1.31,1.336,1.491,1.615
G_int_t8_g4 = 1.526,1.787,1.268,1.233,1.477,1.571,1.496,1.481,1.407,1.392,1.467,1.488,1.497,1.472,1.348,1.437,1.389,1.543,1.398,1.458,1.316,1.288,1.423,1.492,1.397,1.42,1.271,1.258,1.366,1.431,1.322,1.46,1.222,1.271,1.367,1.377,1.357,1.409,1.238,1.292,1.345,1.367,1.146,1.417,1.261,1.285,1.413,1.402
G_int_t12_g4 = 1.617,1.898,1.367,1.549,1.645,1.795,1.583,1.724,1.45,1.575,1.622,1.749,1.569,1.658,1.383,1.558,1.507,1.712,1.471,1.619,1.352,1.464,1.436,1.677,1.485,1.581,1.326,1.363,1.49,1.591,1.422,1.574,1.277,1.433,1.476,1.552,1.43,1.506,1.283,1.444,1.464,1.485,1.146,1.497,1.31,1.336,1.491,1.615
G_int_inflex_g4 = 1.598,1.928,1.383,1.576,1.645,1.928,1.587,1.715,1.469,1.599,1.622,1.824,1.567,1.647,1.388,1.572,1.522,1.715,1.423,1.624,1.35,1.464,1.431,1.677,1.467,1.544,1.31,1.36,1.509,1.592,1.407,1.572,1.256,1.427,1.486,1.553,1.432,1.507,1.252,1.464,1.479,1.492,1.146,1.498,1.292,1.358,1.484,1.615
Ratio_Avg_G = 1,0.779,1.014,0.787,0.894,0.697,1.024,0.821,1.054,0.841,0.929,0.741,1.041,0.876,1.077,0.901,0.949,0.797,1.063,0.924,1.099,0.947,0.995,0.841,1.053,0.948,1.088,1.008,0.964,0.893,1.062,0.991,1.092,0.987,0.979,0.934,1.077,1.023,1.099,1.018,0.985,0.972,1.38,1.044,1.088,1.093,0.967,0.939
Ratio_Fit_G = 1,0.824,1.271,1.207,0.999,0.922,0.928,0.978,1.015,1.143,1.005,0.996,1.015,1.017,1.083,1.141,1.128,1.004,1.129,1.021,1.142,1.27,1.111,1.062,1.13,1.06,1.201,1.197,1.254,1.093,1.228,1.072,1.373,1.239,1.188,1.193,1.174,1.046,1.267,1.25,1.317,1.246,1.523,1.063,1.292,1.299,1.133,1.07
Ratio_G_Int = 1,0.835,1.149,0.975,0.972,0.812,0.997,0.91,1.107,1.018,0.982,0.867,1.015,0.963,1.157,1.066,1.04,0.926,1.063,0.98,1.191,1.086,1.135,0.946,1.049,0.987,1.216,1.189,1.096,0.993,1.084,1,1.233,1.1,1.09,1.01,1.084,1.042,1.238,1.078,1.114,1.086,1.355,1.055,1.238,1.186,1.065,0.964
Ratio_t0_Fit = 1,0.682,0.346,0.222,0.362,0.258,3.706,0.394,0.989,0.276,0.585,0.286,1.416,0.384,0.758,0.326,0.419,0.338,0.744,0.468,0.791,0.323,0.45,0.36,0.712,0.468,0.499,0.346,0.347,0.378,0.562,0.668,0.389,0.348,0.402,0.371,0.587,0.871,0.458,0.402,0.343,0.365,0.927,0.891,0.424,0.455,0.425,0.548
Ratio_t0_G_Int = 1,0.551,0.586,0.359,0.596,0.371,1.231,0.512,0.812,0.406,0.698,0.39,1.239,0.562,0.755,0.459,0.616,0.429,1.059,0.685,0.744,0.528,0.565,0.5,1.076,0.76,0.659,0.518,0.552,0.55,0.939,0.942,0.639,0.603,0.6,0.636,1.034,0.918,0.649,0.755,0.574,0.59,1.558,0.979,0.621,0.736,0.616,0.807
Time_Inflex = 8.25,10.684,8.493,10.927,9.708,12.63,8.007,10.198,8.25,10.198,9.222,11.899,8.007,9.465,8.007,9.465,9.222,10.927,7.764,8.979,7.764,8.979,8.736,10.441,7.764,8.736,7.764,8.493,8.979,9.708,7.764,8.493,7.764,8.493,8.736,9.222,7.764,8.007,7.764,8.25,8.736,8.979,6.789,8.007,8.25,7.764,9.465,8.979
OD_Inflex = 0.566,0.604,0.613,0.654,0.628,0.676,0.572,0.612,0.612,0.617,0.624,0.706,0.591,0.588,0.599,0.598,0.639,0.655,0.561,0.556,0.56,0.594,0.569,0.629,0.573,0.578,0.585,0.569,0.594,0.606,0.608,0.595,0.59,0.575,0.604,0.674,0.61,0.563,0.596,0.628,0.62,0.631,0.784,0.6,0.683,0.591,0.683,0.644
Time_Saturation = 14.817,17.249,14.574,17.494,16.763,19.195,14.817,16.763,14.331,16.763,16.52,18.466,14.574,16.034,14.088,15.791,16.277,17.737,14.088,15.548,13.602,15.548,15.062,17.494,14.331,15.062,13.602,14.331,15.548,16.52,14.088,15.062,13.845,15.305,15.548,16.277,14.088,14.574,13.602,15.062,15.548,15.791,14.817,14.574,15.305,14.088,17.249,16.277
OD_Saturation = 1.514,1.51,1.627,1.616,1.67,1.685,1.56,1.505,1.648,1.64,1.71,1.703,1.559,1.517,1.637,1.614,1.672,1.69,1.511,1.504,1.615,1.568,1.694,1.682,1.54,1.494,1.648,1.582,1.624,1.667,1.553,1.541,1.637,1.536,1.627,1.661,1.583,1.534,1.641,1.666,1.632,1.696,1.988,1.559,1.757,1.645,1.725,1.686
sum_tcut = 51.237,43.542,49.092,43.566,48.935,39.848,51.979,46.236,51.148,46.322,49.235,42.279,51.048,48.311,51.195,46.518,49.043,44.205,53.643,47.565,54.112,49.942,49.825,47.37,52.49,49.059,52.949,50.49,51.065,48.738,53.014,49.96,53.066,52.183,50.557,49.606,51.999,51.192,51.588,50.521,51.63,49.651,58.209,50.932,52.702,53.262,49.859,51.252
sum_del_tcut = 0,7.695,2.145,7.671,2.302,11.389,-0.742,5.001,0.089,4.914,2.002,8.958,0.189,2.926,0.042,4.719,2.194,7.032,-2.406,3.672,-2.875,1.295,1.412,3.867,-1.253,2.178,-1.712,0.747,0.172,2.499,-1.777,1.277,-1.829,-0.946,0.68,1.631,-0.762,0.045,-0.351,0.716,-0.393,1.586,-6.972,0.305,-1.465,-2.025,1.378,-0.015
sum_ratio_tcut = 1,0.849817,0.95814,0.850286,0.955068,0.777727,1.01449,0.902388,0.99827,0.904083,0.960935,0.825157,0.996315,0.942898,0.999181,0.907901,0.957173,0.862753,1.04695,0.928331,1.05611,0.97472,0.97245,0.924526,1.02446,0.957488,1.03341,0.985421,0.996642,0.951234,1.03468,0.975072,1.0357,1.01846,0.986733,0.968173,1.01486,0.999124,1.00686,0.986029,1.00767,0.969041,1.13608,0.994056,1.02859,1.03953,0.973105,1.0003
sum_ratio_12 = 1,0.528428,0.935279,0.456501,0.776326,0.323647,1.04482,0.604254,1.03059,0.604783,0.8615,0.398565,1.05651,0.73465,1.05356,0.737301,0.862604,0.522808,1.10039,0.831047,1.10727,0.863388,0.898691,0.641345,1.08168,0.887623,1.08396,0.926417,0.902505,0.755752,1.10294,0.965781,1.0898,0.954599,0.917833,0.868437,1.09709,1.01964,1.06981,1.00516,0.942862,0.901428,1.44958,1.0427,1.08016,1.09771,0.875438,0.924884

[Plate_Barcodes]

[Meas_Info]

[Flor:]

[Flor2:]

[Lumin:]

[Data:]
Read = DateTime	RunT[s]	Temp	Well_1	Well_2	Well_3	Well_4	Well_5	Well_6	Well_7	Well_8	Well_9	Well_10	Well_11	Well_12	Well_13	Well_14	Well_15	Well_16	Well_17	Well_18	Well_19	Well_20	Well_21	Well_22	Well_23	Well_24	Well_25	Well_26	Well_27	Well_28	Well_29	Well_30	Well_31	Well_32	Well_33	Well_34	Well_35	Well_36	Well_37	Well_38	Well_39	Well_40	Well_41	Well_42	Well_43	Well_44	Well_45	Well_46	Well_47	Well_48
1 = D0_17:53:18	783	298	0.14710	0.15450	0.13320	0.10690	0.10710	0.10480	0.10510	0.10270	0.09850	0.09920	0.10300	0.10000	0.09710	0.09950	0.09870	0.09790	0.17960	0.15130	0.13280	0.10580	0.10200	0.09920	0.10050	0.10360	0.10580	0.09880	0.09690	0.09530	0.09620	0.09760	0.10200	0.09940	0.15590	0.15610	0.13810	0.11350	0.11120	0.11290	0.11050	0.11290	0.10820	0.10980	0.10710	0.10770	0.11040	0.11080	0.11300	0.11150
2 = D0_18:08:00	1665	298	0.14460	0.15350	0.12980	0.10110	0.10500	0.10160	0.10330	0.10050	0.09660	0.09850	0.10110	0.09590	0.09430	0.09740	0.09690	0.09630	0.17800	0.14860	0.12910	0.10380	0.10100	0.09940	0.10050	0.10190	0.10570	0.09600	0.09780	0.09640	0.09370	0.09580	0.09850	0.09670	0.15570	0.15300	0.13670	0.11470	0.11020	0.10970	0.11070	0.10960	0.10340	0.10610	0.10810	0.10500	0.10560	0.11090	0.10970	0.11040
3 = D0_18:22:37	2541	298	0.14660	0.15560	0.13350	0.10560	0.10670	0.10470	0.10720	0.10330	0.09800	0.10080	0.10350	0.09970	0.09710	0.09950	0.09990	0.09850	0.18010	0.15090	0.13350	0.10520	0.10200	0.09880	0.10140	0.10610	0.10540	0.09850	0.09930	0.09830	0.09840	0.09810	0.10060	0.09930	0.15710	0.15530	0.13750	0.11350	0.11020	0.11380	0.11370	0.11230	0.10900	0.10710	0.11010	0.10990	0.11090	0.11230	0.11060	0.11350
4 = D0_18:37:12	3417	298	0.14970	0.15710	0.13560	0.10880	0.10870	0.10730	0.10890	0.10440	0.09780	0.10260	0.10460	0.10070	0.09910	0.10100	0.10010	0.10060	0.17920	0.15240	0.13460	0.10650	0.10400	0.10220	0.10550	0.10770	0.10660	0.10150	0.09920	0.09900	0.10020	0.10060	0.10160	0.10220	0.15880	0.15440	0.13860	0.11590	0.11510	0.11810	0.11290	0.11800	0.11070	0.11120	0.11280	0.11270	0.11590	0.11520	0.11580	0.12120
5 = D0_18:51:48	4292	298	0.15070	0.15830	0.13690	0.10860	0.11010	0.10730	0.10980	0.10570	0.10030	0.10270	0.10710	0.10350	0.10100	0.10230	0.10090	0.10210	0.18110	0.15330	0.13640	0.10800	0.10500	0.10340	0.10430	0.11140	0.10990	0.10110	0.10310	0.10210	0.10250	0.10290	0.10470	0.10410	0.15990	0.15640	0.14060	0.11950	0.11660	0.12290	0.11580	0.12050	0.11350	0.11510	0.11870	0.11520	0.11680	0.11720	0.11760	0.12720
6 = D0_19:06:23	5168	298	0.15060	0.15750	0.13640	0.10750	0.10960	0.10920	0.10970	0.10700	0.09970	0.10430	0.10640	0.10230	0.10070	0.10260	0.10270	0.10160	0.18220	0.15400	0.13610	0.10740	0.10340	0.10290	0.10450	0.11090	0.10900	0.10230	0.10350	0.10200	0.10220	0.10390	0.10330	0.10470	0.15920	0.15610	0.14070	0.11970	0.11710	0.11870	0.11730	0.11920	0.11530	0.11790	0.11980	0.11720	0.12000	0.12140	0.12140	0.12760
7 = D0_19:20:59	6043	298	0.15130	0.15690	0.13590	0.10910	0.11210	0.10970	0.11070	0.10990	0.10220	0.10700	0.10620	0.10480	0.10290	0.10690	0.10650	0.10490	0.18410	0.15380	0.13610	0.10960	0.10870	0.10480	0.10980	0.11310	0.10850	0.11110	0.10830	0.10570	0.10450	0.10580	0.10800	0.10690	0.16390	0.15730	0.14450	0.12180	0.12080	0.12660	0.12380	0.12440	0.11620	0.12600	0.12540	0.11990	0.12380	0.12250	0.12280	0.13330
8 = D0_19:35:34	6918	298	0.15120	0.15770	0.13800	0.11140	0.11420	0.11210	0.11360	0.11230	0.10270	0.11020	0.11010	0.10690	0.10480	0.10750	0.10790	0.10610	0.18220	0.15460	0.13850	0.11440	0.11040	0.10640	0.11210	0.11380	0.11030	0.11170	0.11230	0.10910	0.10720	0.10700	0.10810	0.10960	0.16370	0.15840	0.14820	0.12540	0.12240	0.12840	0.12650	0.13070	0.12080	0.12410	0.12730	0.12380	0.12390	0.12450	0.12650	0.14000
9 = D0_19:50:09	7794	298	0.15130	0.15830	0.13790	0.11090	0.11340	0.11280	0.11570	0.11520	0.10330	0.11150	0.10960	0.10710	0.10520	0.10830	0.10820	0.10860	0.18590	0.15450	0.13720	0.10940	0.10990	0.10810	0.11010	0.11720	0.11190	0.11410	0.11310	0.11160	0.10910	0.11120	0.11410	0.11110	0.16720	0.16020	0.14720	0.12410	0.12590	0.12720	0.12530	0.12760	0.12340	0.12880	0.13170	0.12710	0.12610	0.12790	0.13100	0.14550
10 = D0_20:04:45	8670	298	0.15170	0.15870	0.13810	0.11200	0.11510	0.11400	0.11720	0.11680	0.10500	0.11550	0.11220	0.10920	0.10770	0.11070	0.11130	0.10880	0.18520	0.15700	0.13850	0.11310	0.11000	0.10960	0.11400	0.11990	0.11590	0.11920	0.11670	0.11500	0.11220	0.11110	0.11530	0.11150	0.16700	0.16100	0.14930	0.12970	0.12630	0.13280	0.13050	0.13290	0.13070	0.13550	0.14040	0.13060	0.13210	0.13050	0.13360	0.15280
11 = D0_20:19:20	9545	301	0.15070	0.15890	0.13970	0.11590	0.11730	0.11840	0.12000	0.11950	0.10860	0.11700	0.11620	0.11420	0.11110	0.11510	0.11490	0.11180	0.18320	0.15670	0.14060	0.11570	0.11360	0.11340	0.11790	0.12150	0.11820	0.12350	0.11990	0.12070	0.11570	0.11790	0.12080	0.11710	0.17330	0.16310	0.15050	0.13010	0.12950	0.13360	0.13540	0.14050	0.13330	0.13920	0.14000	0.13520	0.13500	0.13620	0.13850	0.16370
12 = D0_20:34:06	10431	301	0.15360	0.16100	0.14140	0.11470	0.12010	0.12000	0.12330	0.12710	0.11280	0.12100	0.11830	0.11620	0.11470	0.11850	0.11900	0.11600	0.18270	0.16000	0.14290	0.12040	0.11830	0.11650	0.12270	0.12930	0.12380	0.12830	0.13890	0.12720	0.12040	0.12440	0.12480	0.12130	0.17710	0.16690	0.15710	0.13970	0.13510	0.14230	0.14200	0.14340	0.13710	0.14670	0.14820	0.14320	0.14270	0.14150	0.14450	0.17660
13 = D0_20:48:39	11304	301	0.15490	0.16280	0.14330	0.11950	0.12410	0.12360	0.12770	0.13190	0.11640	0.12760	0.12360	0.12190	0.11940	0.12230	0.12240	0.11880	0.18740	0.16530	0.14630	0.12370	0.12330	0.12170	0.13000	0.13610	0.12490	0.13620	0.13850	0.13370	0.12760	0.12710	0.13000	0.12700	0.18190	0.16890	0.15750	0.14380	0.14030	0.14780	0.14840	0.15120	0.14750	0.15150	0.15610	0.14840	0.14790	0.14820	0.15190	0.19060
14 = D0_21:03:15	12179	301	0.15540	0.16080	0.14770	0.12390	0.12970	0.12830	0.13090	0.13230	0.12070	0.13320	0.13130	0.12880	0.12250	0.12630	0.12640	0.12440	0.18760	0.16590	0.14990	0.12710	0.12530	0.12600	0.13290	0.14230	0.13310	0.14050	0.14120	0.14230	0.13400	0.13180	0.13450	0.13490	0.17880	0.16940	0.16010	0.14100	0.14200	0.15010	0.15640	0.15640	0.15260	0.15760	0.16280	0.15580	0.15530	0.15440	0.15970	0.20510
15 = D0_21:17:50	13055	301	0.15740	0.16450	0.14790	0.12440	0.12840	0.13070	0.13550	0.13780	0.12430	0.13340	0.13060	0.12850	0.12440	0.13000	0.12750	0.12710	0.18770	0.16720	0.15110	0.12690	0.12990	0.12860	0.13690	0.15010	0.13780	0.14700	0.14440	0.14350	0.13790	0.13380	0.13850	0.13960	0.18420	0.17670	0.16530	0.14740	0.14940	0.15940	0.15780	0.16640	0.15930	0.16600	0.16550	0.15830	0.16120	0.16050	0.16380	0.22530
16 = D0_21:32:25	13930	301	0.15840	0.16650	0.15210	0.13180	0.13490	0.13870	0.14660	0.14610	0.13120	0.14360	0.13870	0.13980	0.13150	0.14000	0.13900	0.13310	0.18720	0.16800	0.15920	0.13380	0.13650	0.13740	0.15120	0.16010	0.14070	0.15690	0.15370	0.15450	0.14800	0.14480	0.15020	0.14920	0.18340	0.18090	0.16610	0.14930	0.15270	0.16940	0.17080	0.18070	0.16120	0.17160	0.17600	0.17210	0.17470	0.17180	0.17800	0.24870
17 = D0_21:47:01	14805	298	0.16160	0.16960	0.15440	0.13450	0.14160	0.14410	0.15110	0.15470	0.13960	0.14780	0.14480	0.14480	0.14100	0.14530	0.14720	0.13890	0.19340	0.17320	0.17050	0.14100	0.14460	0.14550	0.16470	0.16970	0.15290	0.16620	0.16200	0.16690	0.15930	0.15550	0.16090	0.15740	0.18840	0.18470	0.17520	0.16390	0.16200	0.17620	0.18040	0.18680	0.17550	0.18530	0.18670	0.18440	0.18590	0.18280	0.18830	0.27360
18 = D0_22:01:36	15681	298	0.16490	0.17250	0.15770	0.13760	0.14860	0.15280	0.15450	0.16180	0.14460	0.15270	0.14880	0.15020	0.14690	0.15240	0.15350	0.15610	0.19480	0.17580	0.17480	0.14850	0.15320	0.15150	0.16820	0.17670	0.15830	0.17370	0.17540	0.17730	0.16720	0.16540	0.17200	0.16630	0.19440	0.18840	0.18240	0.17100	0.16760	0.18240	0.18850	0.19320	0.18330	0.19220	0.19790	0.19770	0.19500	0.19920	0.20200	0.30520
19 = D0_22:16:12	16556	301	0.16690	0.17620	0.16460	0.14460	0.15320	0.16170	0.16620	0.16970	0.15010	0.16480	0.16050	0.16210	0.15440	0.16330	0.16040	0.16130	0.19780	0.18020	0.17520	0.15620	0.15820	0.16270	0.18040	0.19340	0.16700	0.18680	0.18440	0.18870	0.17830	0.17750	0.18410	0.17740	0.19950	0.19280	0.18460	0.16820	0.17940	0.19580	0.20160	0.20970	0.19350	0.20650	0.21310	0.20610	0.20750	0.20820	0.21600	0.33410
20 = D0_22:30:47	17432	300	0.16680	0.17600	0.16440	0.14400	0.15770	0.16160	0.17170	0.17990	0.15900	0.16800	0.16810	0.16450	0.15800	0.16320	0.16310	0.16090	0.20170	0.18440	0.17910	0.16260	0.16640	0.17050	0.18550	0.20550	0.18010	0.19720	0.19840	0.19610	0.18650	0.18630	0.18890	0.18890	0.20030	0.19810	0.19230	0.18450	0.19180	0.20570	0.21280	0.21500	0.20140	0.22420	0.22460	0.21690	0.21800	0.21820	0.22400	0.36870
21 = D0_22:45:21	18305	298	0.17080	0.18220	0.16980	0.15340	0.16770	0.17850	0.18350	0.18990	0.16540	0.17920	0.17660	0.17570	0.16820	0.18070	0.17860	0.17800	0.20400	0.18850	0.18480	0.16950	0.17710	0.18230	0.21020	0.22400	0.19080	0.20740	0.21590	0.21660	0.20450	0.20740	0.21150	0.19980	0.21130	0.19930	0.19890	0.19660	0.20200	0.21920	0.22300	0.23290	0.21510	0.23340	0.24180	0.23860	0.23170	0.23970	0.24640	0.41660
22 = D0_23:00:06	19191	301	0.17420	0.18800	0.17420	0.16070	0.17780	0.18810	0.19300	0.20480	0.17740	0.18770	0.18730	0.19080	0.17990	0.19060	0.19010	0.19050	0.20680	0.20080	0.19580	0.18480	0.18990	0.19550	0.22020	0.23420	0.20250	0.22590	0.22640	0.23290	0.22390	0.22760	0.22970	0.21870	0.21620	0.21060	0.21050	0.20310	0.20810	0.23670	0.24350	0.24860	0.23070	0.24480	0.25590	0.25460	0.25270	0.25690	0.26250	0.46030
23 = D0_23:14:39	20064	301	0.17860	0.19200	0.18390	0.16850	0.18850	0.20430	0.20540	0.21950	0.18360	0.20600	0.20610	0.20140	0.19150	0.20240	0.20100	0.19970	0.21360	0.20190	0.19940	0.19070	0.20160	0.20760	0.23510	0.25750	0.22160	0.24240	0.24930	0.25660	0.23720	0.24610	0.24860	0.24090	0.21730	0.21430	0.21630	0.21340	0.22140	0.25190	0.25960	0.26770	0.24980	0.26860	0.28190	0.27580	0.27040	0.27810	0.28780	0.50550
24 = D0_23:29:14	20939	300	0.18510	0.20070	0.19080	0.17760	0.19700	0.21520	0.22720	0.23260	0.19540	0.21880	0.21710	0.21250	0.20230	0.21670	0.20740	0.21690	0.21880	0.21130	0.21030	0.20760	0.21700	0.22490	0.25920	0.28480	0.24010	0.26480	0.27130	0.27200	0.25060	0.26510	0.26410	0.27200	0.23150	0.22880	0.22810	0.22870	0.23730	0.26770	0.28140	0.29340	0.26930	0.28970	0.30210	0.29700	0.29540	0.29660	0.30320	0.54850
25 = D0_23:43:49	21814	298	0.18700	0.20560	0.20080	0.18570	0.20960	0.22710	0.24720	0.24500	0.20680	0.23280	0.23170	0.23210	0.22220	0.23670	0.24400	0.22430	0.22100	0.21880	0.21960	0.22090	0.23330	0.24360	0.28270	0.30690	0.25840	0.28260	0.28800	0.29420	0.27720	0.28840	0.28760	0.28840	0.22890	0.23370	0.23910	0.23820	0.24860	0.28790	0.29650	0.31540	0.29060	0.30480	0.32510	0.32130	0.31730	0.33970	0.33290	0.61950
26 = D0_23:58:24	22689	298	0.19240	0.20810	0.20700	0.19410	0.22000	0.24910	0.26780	0.26850	0.22270	0.24790	0.24390	0.24860	0.25440	0.25970	0.27780	0.24960	0.22890	0.22450	0.23410	0.23520	0.24880	0.26230	0.30860	0.33890	0.27450	0.30940	0.32250	0.32170	0.32240	0.32830	0.32330	0.31290	0.24480	0.24510	0.24960	0.26070	0.26940	0.30550	0.32020	0.33620	0.30590	0.33030	0.34760	0.34700	0.34280	0.38380	0.37020	0.67820
27 = D0_00:13:00	23564	301	0.19850	0.21570	0.21400	0.21310	0.23960	0.26720	0.28340	0.28980	0.23700	0.26510	0.26570	0.27140	0.27880	0.28400	0.30740	0.27240	0.24000	0.23510	0.24970	0.26070	0.27300	0.28500	0.33370	0.36180	0.30150	0.33240	0.35510	0.36180	0.35490	0.36170	0.36000	0.35510	0.25410	0.25830	0.26570	0.26780	0.28690	0.32240	0.34550	0.36200	0.32910	0.35460	0.37170	0.37650	0.37310	0.41300	0.39600	0.75870
28 = D0_00:27:35	24439	301	0.20530	0.22530	0.22410	0.21910	0.25240	0.28850	0.31350	0.31890	0.25470	0.28390	0.28370	0.28920	0.29140	0.28750	0.30130	0.28290	0.25060	0.25310	0.26860	0.28330	0.30240	0.32370	0.37600	0.40720	0.33210	0.36840	0.38250	0.38670	0.37060	0.36940	0.37330	0.38020	0.26110	0.27140	0.28220	0.29760	0.32260	0.35440	0.38150	0.39950	0.35680	0.39300	0.40650	0.40410	0.40380	0.43350	0.42540	0.78360
29 = D0_00:42:10	25315	298	0.21310	0.23750	0.23540	0.24000	0.27580	0.31720	0.33560	0.34680	0.27350	0.30710	0.31150	0.32230	0.32190	0.32420	0.33420	0.32170	0.26120	0.26890	0.29420	0.31760	0.33510	0.35790	0.41270	0.44790	0.36390	0.40450	0.42410	0.43250	0.42270	0.43660	0.43520	0.42790	0.28610	0.29020	0.30280	0.31930	0.33870	0.37440	0.41700	0.43460	0.39010	0.41790	0.44000	0.44500	0.44590	0.47640	0.46390	0.87090
30 = D0_00:56:45	26190	303	0.22060	0.24400	0.25260	0.25040	0.29020	0.33300	0.35940	0.36110	0.29490	0.33910	0.33330	0.34080	0.35190	0.37380	0.38980	0.33700	0.27650	0.28110	0.30640	0.31880	0.35290	0.37200	0.43870	0.48660	0.40000	0.43360	0.46120	0.46670	0.47950	0.49560	0.49500	0.50340	0.28620	0.29280	0.31640	0.33080	0.35820	0.40360	0.43890	0.46440	0.41550	0.44980	0.47590	0.46970	0.47870	0.53250	0.51800	0.92240
31 = D0_01:11:20	27065	301	0.22650	0.25520	0.26050	0.27450	0.32310	0.37330	0.38350	0.39910	0.31490	0.35880	0.35440	0.36640	0.37330	0.39720	0.41590	0.35580	0.28760	0.29620	0.32820	0.36060	0.39130	0.40630	0.49070	0.53070	0.42720	0.47250	0.50400	0.50750	0.52400	0.53930	0.53860	0.51620	0.29760	0.31250	0.34230	0.37600	0.38760	0.43290	0.48260	0.49910	0.45950	0.48150	0.51170	0.51140	0.52570	0.55560	0.55930	0.96810
32 = D0_01:26:06	27950	298	0.23850	0.26740	0.27620	0.29310	0.33670	0.41600	0.43180	0.43940	0.34450	0.40790	0.40090	0.41060	0.41860	0.44020	0.46490	0.40610	0.30290	0.31870	0.35640	0.39510	0.42480	0.45960	0.51400	0.59080	0.47340	0.52410	0.56460	0.56040	0.58480	0.58980	0.59610	0.61450	0.30720	0.33140	0.36380	0.40350	0.42570	0.47810	0.52660	0.54630	0.49130	0.52840	0.55400	0.56080	0.57290	0.60820	0.61000	1.03740
33 = D0_01:40:41	28825	301	0.25010	0.28500	0.28860	0.31210	0.36750	0.42890	0.46010	0.47540	0.37120	0.42420	0.42740	0.44050	0.44580	0.46410	0.48290	0.42280	0.31720	0.34050	0.38550	0.44140	0.49640	0.50300	0.58310	0.65060	0.51510	0.56980	0.59900	0.61880	0.63310	0.64020	0.64460	0.62980	0.32710	0.35090	0.39080	0.42700	0.45790	0.52000	0.56270	0.59970	0.52910	0.57200	0.59120	0.62950	0.61840	0.64500	0.65500	1.09470
34 = D0_01:55:14	29699	301	0.26120	0.30020	0.30880	0.33400	0.39730	0.47190	0.50710	0.51350	0.40470	0.46130	0.45940	0.47010	0.48340	0.50790	0.52270	0.46880	0.34040	0.36150	0.41310	0.48440	0.55330	0.55880	0.62830	0.70980	0.56370	0.61230	0.65110	0.71270	0.68920	0.69490	0.71050	0.68290	0.33840	0.38050	0.42320	0.47210	0.50790	0.56620	0.61310	0.64120	0.56560	0.61290	0.63640	0.67090	0.66600	0.69790	0.70890	1.16090
35 = D0_02:09:50	30574	301	0.27440	0.30970	0.32870	0.35530	0.42980	0.49690	0.53960	0.55470	0.43870	0.50730	0.51230	0.51730	0.53260	0.55950	0.57290	0.50100	0.36360	0.38610	0.44260	0.49980	0.56860	0.57450	0.65300	0.75860	0.61330	0.66520	0.72090	0.77040	0.74630	0.76370	0.77610	0.74980	0.37490	0.40250	0.44920	0.49020	0.52770	0.59480	0.65460	0.67910	0.61770	0.65480	0.68590	0.73970	0.71810	0.74430	0.76130	1.22130
36 = D0_02:24:25	31449	301	0.28740	0.32880	0.35850	0.38490	0.46470	0.52200	0.58650	0.60300	0.47930	0.54990	0.56320	0.56910	0.57780	0.60430	0.62030	0.54230	0.37040	0.40790	0.47560	0.54980	0.61780	0.63560	0.70000	0.81240	0.64600	0.72960	0.79190	0.81660	0.80640	0.82710	0.83370	0.81310	0.39130	0.41840	0.47960	0.54110	0.57790	0.63830	0.71510	0.74140	0.66430	0.71200	0.74360	0.79140	0.76620	0.80030	0.81220	1.27140
37 = D0_02:39:00	32324	301	0.30150	0.34200	0.39370	0.40450	0.48990	0.61830	0.63080	0.64360	0.50320	0.58010	0.59650	0.59340	0.59400	0.62230	0.63310	0.56510	0.40030	0.43590	0.50830	0.59380	0.66560	0.66860	0.73560	0.86290	0.68570	0.77840	0.82880	0.87070	0.85230	0.85510	0.87540	0.85140	0.42040	0.44340	0.50540	0.55560	0.61590	0.68540	0.75490	0.78990	0.70510	0.75120	0.78390	0.81020	0.80020	0.81920	0.84540	1.32680
38 = D0_02:53:35	33200	298	0.31840	0.36800	0.40930	0.44650	0.53470	0.67380	0.68700	0.69240	0.53330	0.62380	0.63870	0.63220	0.64610	0.66910	0.67350	0.60610	0.43320	0.48350	0.55970	0.66620	0.75630	0.72240	0.78960	0.95030	0.75420	0.83350	0.88960	0.94670	0.90510	0.90740	0.92400	0.90960	0.43340	0.47780	0.54490	0.61490	0.66870	0.73800	0.81820	0.83930	0.75550	0.80270	0.83520	0.87290	0.85560	0.86530	0.89470	1.38300
39 = D0_03:08:10	34075	301	0.33130	0.38920	0.43090	0.48260	0.57500	0.72760	0.74710	0.72990	0.57850	0.67680	0.70720	0.79340	0.71960	0.74950	0.76480	0.68260	0.44490	0.50740	0.59840	0.69280	0.79590	0.77320	0.83260	0.99750	0.82860	0.92150	0.96040	0.98080	1.07480	1.01750	1.08260	1.03900	0.45370	0.51400	0.58800	0.66870	0.71060	0.79540	0.85200	0.89700	0.80950	0.85630	0.88510	0.93220	0.90940	0.94320	0.96900	1.44380
40 = D0_03:22:45	34950	301	0.34550	0.40900	0.45580	0.50600	0.60620	0.75050	0.77610	0.75950	0.62850	0.70630	0.74510	0.84430	0.76900	0.79840	0.81170	0.74060	0.47110	0.53730	0.63780	0.74540	0.85490	0.81500	0.88230	1.05750	0.88630	0.97600	1.00980	1.03890	1.15030	1.06830	1.15500	1.13960	0.47540	0.54660	0.62400	0.70740	0.76190	0.84170	0.89600	0.94440	0.85140	0.89890	0.93450	0.97960	0.95590	0.99580	1.02170	1.49970
41 = D0_03:37:21	35825	298	0.37130	0.44220	0.48740	0.56410	0.69680	0.76720	0.84740	0.79450	0.66690	0.75960	0.79040	0.87000	0.82090	0.85510	0.86910	0.85200	0.51140	0.59500	0.71560	0.82730	0.94770	0.87880	0.94140	1.12170	0.93790	1.03330	1.07560	1.09420	1.19650	1.18080	1.22590	1.19170	0.53280	0.58180	0.67580	0.77900	0.82320	0.89240	0.95990	1.00010	0.89690	0.94970	0.97770	1.02610	1.00940	1.04420	1.06660	1.56350
42 = D0_03:52:07	36711	298	0.38820	0.46000	0.52510	0.58630	0.69870	0.80660	0.90370	0.82580	0.72380	0.80320	0.84400	0.93910	0.86660	0.90400	0.91590	0.81400	0.53400	0.61720	0.73760	0.86460	0.98580	0.91850	0.99770	1.16430	0.98160	1.07180	1.11560	1.18290	1.26340	1.26920	1.19370	1.28130	0.54710	0.61180	0.71190	0.80950	0.84630	0.93410	1.01090	1.03070	0.94820	0.99530	1.02830	1.06630	1.06270	1.09390	1.12290	1.62280
43 = D0_04:06:42	37586	298	0.40620	0.48070	0.56050	0.62900	0.74260	0.85420	0.94200	0.87020	0.75700	0.84560	0.88850	0.99320	0.91690	0.95450	0.97150	1.01390	0.57610	0.67300	0.79100	0.85810	1.00260	0.96770	1.04640	1.21120	1.04590	1.12860	1.17730	1.25490	1.24420	1.23000	1.24140	1.27220	0.56990	0.64880	0.75410	0.83560	0.88880	0.96880	1.05750	1.09390	0.98970	1.03780	1.08190	1.09510	1.10690	1.14650	1.16700	1.67480
44 = D0_04:21:17	38462	298	0.42910	0.50740	0.60440	0.67790	0.80180	0.91630	1.01270	0.90690	0.81130	0.88490	0.94890	1.04670	0.98210	1.01660	1.03050	1.04760	0.61260	0.71160	0.85680	0.91850	1.09010	1.03170	1.11790	1.28620	1.13000	1.19630	1.24100	1.30950	1.31620	1.29450	1.29830	1.34570	0.60430	0.70240	0.80940	0.89600	0.94140	1.03050	1.10400	1.15620	1.04170	1.10040	1.13700	1.14210	1.16410	1.20320	1.22350	1.73030
45 = D0_04:35:52	39336	298	0.45600	0.55410	0.65460	0.73180	0.87220	0.95450	1.06080	0.95550	0.86190	0.95780	1.00380	1.09230	1.04550	1.07410	1.08980	1.12470	0.65400	0.77000	0.91280	0.97270	1.16640	1.08810	1.16910	1.36110	1.19770	1.26270	1.30940	1.37700	1.36800	1.34540	1.35920	1.47050	0.66060	0.74260	0.85780	0.96750	1.00390	1.08360	1.17490	1.21220	1.10830	1.15460	1.19690	1.19730	1.21730	1.24670	1.27900	1.78040
46 = D0_04:50:27	40212	298	0.48210	0.57670	0.68620	0.76700	0.91590	1.05390	1.10570	0.99160	0.89950	1.00060	1.05050	1.15820	1.08500	1.12120	1.13310	1.06230	0.69050	0.81040	0.95640	1.00130	1.20760	1.15460	1.34820	1.41140	1.24010	1.31530	1.36280	1.41170	1.38120	1.39870	1.41750	1.45380	0.68460	0.77740	0.90130	0.97080	1.04320	1.11800	1.21790	1.25200	1.15470	1.20690	1.25010	1.24930	1.26540	1.29680	1.33720	1.82240
47 = D0_05:05:03	41087	300	0.51420	0.61880	0.72880	0.82320	0.97000	1.10170	1.16650	1.04090	0.94970	1.05770	1.10260	1.22740	1.14110	1.17480	1.18600	1.14090	0.72080	0.86120	1.00680	1.04720	1.27060	1.20670	1.40240	1.47620	1.32860	1.38750	1.41960	1.46930	1.44300	1.46020	1.47230	1.52130	0.73080	0.82530	0.94460	1.03410	1.09730	1.18700	1.26770	1.30230	1.21000	1.26180	1.30420	1.29800	1.31850	1.35390	1.38440	1.86530
48 = D0_05:19:37	41962	301	0.53340	0.64910	0.79020	0.87330	1.03920	1.12490	1.20780	1.08690	1.01720	1.10100	1.14140	1.26280	1.18630	1.21930	1.23400	1.20730	0.76590	0.91010	1.06270	1.10290	1.31760	1.26420	1.46970	1.53770	1.37290	1.43120	1.47480	1.52400	1.49870	1.51380	1.52570	1.59400	0.75610	0.86840	0.98630	1.08700	1.13730	1.21990	1.32760	1.35380	1.25720	1.30080	1.34570	1.34590	1.36960	1.40400	1.44240	1.89070
49 = D0_05:34:11	42836	301	0.57460	0.70560	0.83770	0.92040	1.10040	1.20910	1.27170	1.18690	1.07370	1.15270	1.19270	1.31250	1.23760	1.27780	1.28770	1.25210	0.84560	0.99310	1.14220	1.16430	1.39110	1.42670	1.51480	1.59940	1.43720	1.49520	1.52660	1.57500	1.54390	1.54870	1.55560	1.67440	0.82220	0.91290	1.04520	1.14320	1.20870	1.26320	1.39420	1.39380	1.31740	1.35550	1.40390	1.39300	1.41630	1.44870	1.48230	1.91410
50 = D0_05:48:46	43710	301	0.61050	0.71910	0.87230	0.93730	1.15960	1.23050	1.34940	1.34590	1.14630	1.21300	1.23100	1.36130	1.29030	1.32980	1.34280	1.31010	0.88570	1.03810	1.21690	1.37820	1.44290	1.45420	1.55970	1.64410	1.48520	1.54740	1.58430	1.61780	1.65170	1.63350	1.64140	1.68040	0.84880	0.96210	1.12130	1.20790	1.25790	1.29470	1.43480	1.43280	1.35350	1.40700	1.45320	1.43980	1.46240	1.49240	1.51460	1.92270
51 = D0_06:03:20	44584	301	0.64100	0.76120	0.90690	0.96700	1.17370	1.29610	1.37020	1.37290	1.21290	1.24990	1.29410	1.39390	1.34120	1.38260	1.39710	1.35690	0.92780	1.08100	1.23790	1.38650	1.49170	1.47110	1.61810	1.64130	1.52300	1.59370	1.62360	1.62570	1.62170	1.63530	1.56110	1.68060	0.88420	0.99960	1.15340	1.24920	1.29650	1.34500	1.46620	1.49660	1.40420	1.44870	1.48620	1.47000	1.48750	1.50950	1.53080	1.93340
52 = D0_06:18:05	45469	300	0.67600	0.82200	0.96290	1.00420	1.23500	1.35070	1.41730	1.42570	1.21910	1.29610	1.33100	1.34650	1.39480	1.43700	1.45540	1.41050	0.98830	1.15150	1.32070	1.43970	1.53450	1.47900	1.64960	1.64670	1.57770	1.63110	1.63530	1.61070	1.64160	1.55580	1.55890	1.68540	0.93680	1.05390	1.21520	1.28740	1.34210	1.44860	1.50270	1.52890	1.44330	1.48900	1.51820	1.49080	1.50500	1.52240	1.54560	1.93880
53 = D0_06:32:39	46344	300	0.71770	0.84980	1.01140	1.03950	1.30550	1.40330	1.48540	1.49110	1.28070	1.35000	1.40450	1.49150	1.45420	1.49530	1.51440	1.47000	1.02770	1.20610	1.37630	1.42930	1.59940	1.47720	1.64180	1.63940	1.61760	1.63400	1.64730	1.62510	1.64420	1.64540	1.63790	1.69830	0.97660	1.10370	1.25400	1.33660	1.39080	1.48620	1.51760	1.53190	1.48060	1.52020	1.54090	1.50660	1.51410	1.53370	1.55930	1.94380
54 = D0_06:47:14	47218	298	0.74960	0.90320	1.05540	1.07550	1.34880	1.44110	1.52960	1.55170	1.31860	1.38320	1.44740	1.44300	1.50590	1.54590	1.56450	1.52730	1.07530	1.23880	1.41070	1.56680	1.57550	1.48030	1.65300	1.63480	1.62720	1.64080	1.64160	1.60230	1.64380	1.63460	1.63550	1.70070	1.01370	1.13720	1.28330	1.37610	1.43560	1.51510	1.52290	1.53970	1.49260	1.53570	1.54870	1.50680	1.51820	1.53370	1.56300	1.95210
55 = D0_07:01:48	48092	298	0.79060	0.95130	1.13400	1.12530	1.40510	1.50330	1.58590	1.61540	1.36170	1.44270	1.48650	1.48890	1.55690	1.59680	1.61230	1.58250	1.14200	1.34290	1.49270	1.65040	1.59840	1.47020	1.64940	1.64520	1.63460	1.64900	1.64620	1.59690	1.64500	1.63710	1.64330	1.69820	1.10690	1.19190	1.34120	1.43790	1.47540	1.53040	1.53440	1.54580	1.50340	1.55090	1.54950	1.50780	1.51820	1.53850	1.56970	1.94950
56 = D0_07:16:23	48967	301	0.83520	0.99710	1.15920	1.17040	1.45650	1.56060	1.63260	1.66770	1.40220	1.47920	1.53260	1.53450	1.60550	1.61870	1.62820	1.63090	1.19200	1.36690	1.55530	1.64690	1.59260	1.48380	1.65080	1.64970	1.62430	1.64800	1.64100	1.61530	1.64810	1.64110	1.64100	1.70450	1.13050	1.26120	1.38610	1.47020	1.48910	1.54120	1.54160	1.55250	1.50800	1.55510	1.55560	1.50950	1.52870	1.54150	1.57430	1.95640
57 = D0_07:30:57	49842	301	0.88120	1.05980	1.22140	1.36350	1.51230	1.60830	1.68650	1.69510	1.46990	1.54090	1.59540	1.58460	1.61980	1.62030	1.62670	1.65070	1.25640	1.38610	1.59590	1.59080	1.59920	1.49320	1.66670	1.64430	1.63900	1.65280	1.64000	1.61890	1.65110	1.63730	1.63930	1.71310	1.17270	1.29910	1.42380	1.49390	1.49640	1.53680	1.54680	1.55110	1.51430	1.55030	1.55300	1.51450	1.53380	1.55400	1.58270	1.96310
58 = D0_07:45:32	50716	298	0.91310	1.11670	1.24980	1.39360	1.54420	1.65100	1.69210	1.68410	1.50300	1.57730	1.63480	1.60330	1.61720	1.61880	1.62280	1.73880	1.28090	1.42370	1.62730	1.59280	1.58480	1.50550	1.62520	1.64500	1.61730	1.64760	1.63670	1.62030	1.64930	1.64170	1.64160	1.71450	1.20490	1.32710	1.44290	1.49410	1.48920	1.53550	1.53430	1.55570	1.50420	1.55200	1.55140	1.51110	1.53360	1.55290	1.58340	1.96510
59 = D0_08:00:07	51591	298	0.96340	1.16660	1.33390	1.47040	1.59180	1.66540	1.69820	1.69070	1.55580	1.62910	1.67490	1.69460	1.61540	1.61860	1.62340	1.65580	1.34780	1.54140	1.61730	1.63510	1.58190	1.50970	1.65700	1.65390	1.62140	1.64810	1.64050	1.63750	1.64700	1.62030	1.64260	1.71500	1.25900	1.38210	1.48810	1.50770	1.49510	1.53950	1.54760	1.55640	1.51630	1.55350	1.55750	1.52130	1.53970	1.55480	1.58660	1.96950
60 = D0_08:14:41	52466	301	0.99930	1.23880	1.35320	1.50550	1.64590	1.68790	1.69040	1.67660	1.60310	1.66970	1.69700	1.69490	1.61610	1.61890	1.62770	1.75020	1.38170	1.58030	1.61700	1.59090	1.58100	1.50820	1.61560	1.64750	1.62670	1.65350	1.63310	1.62430	1.57620	1.57090	1.57790	1.73090	1.28570	1.40970	1.49390	1.49470	1.48920	1.54090	1.53380	1.55890	1.51140	1.55260	1.55860	1.51950	1.54110	1.56020	1.59080	1.97860
61 = D0_08:29:15	53340	301	1.05650	1.29720	1.46530	1.57630	1.68130	1.67030	1.69670	1.69570	1.65800	1.72000	1.69530	1.69490	1.62020	1.62370	1.63060	1.66630	1.43700	1.62730	1.61750	1.64410	1.60740	1.51750	1.66520	1.65780	1.64110	1.65650	1.64310	1.59170	1.66400	1.65790	1.62010	1.73770	1.33710	1.45410	1.51430	1.50690	1.50660	1.55520	1.55870	1.56880	1.51390	1.56000	1.56480	1.52230	1.55160	1.55720	1.59540	1.98840
62 = D0_08:44:00	54225	301	1.08920	1.35570	1.47210	1.61200	1.67290	1.69120	1.68830	1.67410	1.68930	1.70340	1.68260	1.69390	1.62060	1.62540	1.62980	1.67250	1.48230	1.62660	1.60390	1.56320	1.58940	1.52870	1.66600	1.66250	1.61780	1.64990	1.63760	1.57300	1.58320	1.64670	1.65030	1.74230	1.37850	1.47890	1.50340	1.50320	1.49420	1.54140	1.54640	1.56540	1.51250	1.55580	1.56520	1.52630	1.54630	1.55510	1.59290	1.98820
63 = D0_08:58:35	55099	301	1.13950	1.37360	1.54340	1.65810	1.67130	1.66730	1.71270	1.68730	1.69830	1.71830	1.67990	1.69630	1.62270	1.62750	1.63150	1.67200	1.53770	1.63150	1.62740	1.62120	1.60070	1.53570	1.66630	1.65260	1.62690	1.65640	1.62890	1.57090	1.58610	1.65440	1.65610	1.75670	1.41010	1.49140	1.51120	1.50600	1.50350	1.54700	1.55290	1.56980	1.51480	1.55830	1.56390	1.52330	1.55030	1.55510	1.59910	1.99730
64 = D0_09:13:09	55974	298	1.18110	1.39580	1.58480	1.66690	1.66730	1.68220	1.70300	1.68440	1.68340	1.71290	1.67540	1.69070	1.62360	1.62670	1.63160	1.67700	1.58810	1.63290	1.63140	1.56830	1.58860	1.54740	1.66760	1.65970	1.62340	1.65280	1.63410	1.57140	1.58530	1.64840	1.58740	1.75540	1.45060	1.49240	1.50440	1.50410	1.50160	1.54560	1.55190	1.56930	1.52040	1.56230	1.56370	1.52680	1.54990	1.55790	1.59590	2.00140
65 = D0_09:27:44	56848	300	1.22070	1.43520	1.62190	1.65210	1.65610	1.67740	1.69570	1.69130	1.68170	1.70590	1.67530	1.60630	1.61860	1.62490	1.62930	1.68010	1.59630	1.62290	1.61420	1.58310	1.58200	1.55270	1.66710	1.66400	1.62380	1.65200	1.62260	1.56690	1.58230	1.57320	1.58430	1.69070	1.47760	1.49490	1.50440	1.50080	1.49830	1.54160	1.54890	1.57010	1.51210	1.56300	1.55970	1.52200	1.54590	1.55010	1.59130	2.01030
66 = D0_09:42:18	57723	301	1.27960	1.51280	1.68340	1.68330	1.67490	1.69890	1.70050	1.69300	1.68040	1.71220	1.67640	1.69280	1.62850	1.63400	1.63730	1.68390	1.61070	1.62530	1.63740	1.66170	1.60610	1.54590	1.66900	1.67010	1.64020	1.66200	1.64150	1.65860	1.65790	1.64790	1.59100	1.75940	1.49080	1.50040	1.51690	1.52060	1.51320	1.56270	1.56750	1.58110	1.51980	1.57170	1.56570	1.52820	1.55310	1.55590	1.59290	2.01650
67 = D0_09:56:53	58597	300	1.30960	1.53790	1.66980	1.66240	1.66000	1.66090	1.69150	1.68620	1.68530	1.70860	1.67230	1.61240	1.62770	1.63320	1.63800	1.69380	1.60630	1.63630	1.62530	1.57820	1.57290	1.55430	1.67100	1.66640	1.62220	1.64500	1.62860	1.58380	1.59240	1.58930	1.59280	1.78660	1.50080	1.49660	1.51350	1.50890	1.49250	1.55670	1.55450	1.57620	1.51480	1.56290	1.56050	1.52860	1.54740	1.55360	1.58880	2.01910
68 = D0_10:11:27	59472	301	1.36590	1.57250	1.69100	1.66800	1.66730	1.67790	1.69450	1.69020	1.66810	1.70980	1.67370	1.61230	1.62940	1.63600	1.63960	1.69990	1.61640	1.62840	1.63270	1.62400	1.59840	1.56460	1.66240	1.66990	1.62440	1.65150	1.62850	1.58480	1.59370	1.64780	1.59280	1.79090	1.50190	1.48750	1.51080	1.51090	1.50680	1.56000	1.55150	1.58150	1.51820	1.56680	1.55960	1.52730	1.54420	1.55280	1.59320	2.02920
69 = D0_10:26:02	60346	301	1.41840	1.63340	1.68840	1.67950	1.67260	1.70310	1.69800	1.69400	1.67040	1.70130	1.67790	1.61490	1.63240	1.63860	1.64020	1.70770	1.61030	1.63980	1.63740	1.60280	1.61050	1.56700	1.67410	1.66450	1.63190	1.64670	1.63400	1.59070	1.59470	1.66450	1.59690	1.80280	1.50580	1.50470	1.52430	1.52370	1.51160	1.56300	1.56420	1.58070	1.52180	1.56900	1.56050	1.53120	1.54610	1.55720	1.59190	2.03610
70 = D0_10:40:36	61221	301	1.55910	1.67430	1.69490	1.66290	1.67230	1.67260	1.70060	1.69610	1.67460	1.69470	1.66790	1.61520	1.63350	1.63880	1.64650	1.71780	1.61050	1.63440	1.63330	1.61900	1.60170	1.57240	1.67660	1.67440	1.63090	1.66070	1.63150	1.58900	1.60050	1.67270	1.66520	1.81420	1.50330	1.50190	1.51350	1.51790	1.50300	1.56530	1.55730	1.58440	1.52200	1.56670	1.55870	1.52990	1.54600	1.55770	1.59230	2.04000
71 = D0_10:55:11	62095	301	1.61090	1.69740	1.69490	1.67290	1.68150	1.68450	1.71100	1.70600	1.66900	1.69610	1.65830	1.61660	1.63440	1.64020	1.64540	1.72530	1.63180	1.65620	1.63110	1.62460	1.60320	1.58300	1.68130	1.67420	1.63330	1.66980	1.63080	1.59790	1.60350	1.67120	1.59840	1.82470	1.50970	1.51730	1.53550	1.53390	1.51660	1.56820	1.57230	1.58680	1.52860	1.56910	1.55420	1.52900	1.54790	1.55340	1.59220	2.04780
72 = D0_11:09:56	62980	301	1.64740	1.69780	1.71190	1.68170	1.67820	1.69530	1.70240	1.70670	1.66730	1.70380	1.66980	1.62280	1.63910	1.64630	1.65130	1.73440	1.61570	1.64430	1.64920	1.66520	1.60540	1.57260	1.67680	1.67810	1.63560	1.65650	1.64240	1.67050	1.67730	1.67080	1.67760	1.83180	1.50790	1.51200	1.53060	1.52580	1.51960	1.56900	1.57190	1.58380	1.53610	1.57280	1.56220	1.53320	1.54870	1.55370	1.59130	2.05400
73 = D0_11:24:30	63855	298	1.69240	1.67780	1.68980	1.67320	1.66400	1.69960	1.69210	1.70350	1.67240	1.69690	1.67730	1.61800	1.63580	1.64090	1.64960	1.74590	1.61140	1.60190	1.64850	1.59790	1.60000	1.57950	1.66680	1.67120	1.64390	1.65420	1.63840	1.58870	1.60360	1.62020	1.60690	1.82340	1.50690	1.50980	1.52780	1.51400	1.50780	1.56540	1.55790	1.58560	1.52310	1.56710	1.56180	1.53280	1.54580	1.55880	1.59290	2.06280
74 = D0_11:39:05	64729	301	1.69150	1.67810	1.69040	1.67250	1.67190	1.70120	1.69510	1.71870	1.67840	1.71110	1.68220	1.61720	1.63640	1.64360	1.64950	1.75510	1.61830	1.65280	1.64720	1.62290	1.60180	1.58810	1.66660	1.67500	1.64790	1.65510	1.64720	1.58960	1.60520	1.60270	1.60360	1.81140	1.51080	1.51540	1.52890	1.52370	1.51450	1.56290	1.56530	1.58100	1.52680	1.57060	1.56760	1.52930	1.54570	1.55660	1.59170	2.06560
75 = D0_11:53:39	65604	301	1.69020	1.70630	1.70770	1.67910	1.67330	1.67440	1.69800	1.70510	1.66600	1.69730	1.67870	1.62060	1.64130	1.64660	1.65240	1.76740	1.62260	1.65400	1.65650	1.58570	1.59470	1.59330	1.66960	1.67140	1.64720	1.65920	1.65210	1.59810	1.61100	1.64920	1.60930	1.85620	1.50800	1.51230	1.52580	1.52550	1.50530	1.56190	1.56320	1.58500	1.52590	1.56900	1.56630	1.53180	1.54320	1.55950	1.59430	2.07360
76 = D0_12:08:14	66478	301	1.69460	1.70260	1.69740	1.68030	1.67880	1.70480	1.70960	1.70290	1.68150	1.70250	1.69100	1.62430	1.64370	1.64990	1.65580	1.78290	1.63820	1.65670	1.64840	1.61220	1.61460	1.60780	1.70100	1.69510	1.66020	1.67240	1.66020	1.60380	1.61660	1.61210	1.61300	1.87180	1.51090	1.52080	1.53430	1.53220	1.51960	1.56920	1.56880	1.59090	1.53180	1.57610	1.57010	1.53350	1.55000	1.56290	1.59660	2.07950
77 = D0_12:22:48	67353	298	1.69570	1.70230	1.70450	1.68720	1.69380	1.71180	1.71190	1.71880	1.68380	1.70470	1.69990	1.62780	1.64920	1.65560	1.66020	1.79660	1.63050	1.65070	1.64850	1.60550	1.61060	1.60530	1.69060	1.68530	1.64540	1.67110	1.66050	1.61090	1.69780	1.68870	1.68110	1.87910	1.50430	1.51810	1.52650	1.52130	1.51230	1.56400	1.57540	1.59130	1.52950	1.57370	1.56870	1.53360	1.54770	1.56110	1.59570	2.08800
78 = D0_12:37:24	68228	301	1.69500	1.69840	1.65400	1.67170	1.67240	1.67200	1.70000	1.70070	1.68000	1.68750	1.70530	1.62200	1.64330	1.65030	1.65600	1.80050	1.62350	1.63110	1.64820	1.60450	1.60070	1.60510	1.68490	1.68530	1.65170	1.65970	1.67480	1.60470	1.61590	1.67490	1.61380	1.88850	1.50320	1.51030	1.52190	1.51950	1.51310	1.56930	1.57420	1.58170	1.52840	1.56800	1.58680	1.53600	1.54640	1.55960	1.59660	2.09380
79 = D0_12:51:58	69103	298	1.68520	1.70720	1.65150	1.69060	1.68650	1.70870	1.71030	1.72390	1.68760	1.70270	1.70840	1.63030	1.65290	1.65870	1.66540	1.81880	1.62530	1.63810	1.66360	1.61970	1.60840	1.61180	1.69520	1.69660	1.64760	1.66820	1.67530	1.61310	1.70120	1.68860	1.68710	1.89600	1.50810	1.52020	1.53120	1.52500	1.51370	1.57060	1.58240	1.59170	1.53310	1.57680	1.58510	1.53390	1.54940	1.56630	1.59660	2.10060
80 = D0_13:06:33	69977	300	1.69870	1.71200	1.64780	1.68940	1.68560	1.70660	1.71030	1.71030	1.67970	1.69540	1.70860	1.62920	1.64840	1.65330	1.66110	1.82800	1.63250	1.62980	1.65570	1.65740	1.61660	1.61330	1.70590	1.69050	1.64620	1.66300	1.67530	1.61070	1.62310	1.69490	1.61820	1.90220	1.50950	1.52420	1.54040	1.53570	1.51550	1.57440	1.58500	1.59810	1.52880	1.57280	1.58590	1.53240	1.54740	1.56230	1.59820	2.10720
81 = D0_13:21:07	70852	298	1.70040	1.71050	1.64290	1.67800	1.67920	1.66390	1.70980	1.70140	1.68210	1.68850	1.72000	1.62650	1.64900	1.65420	1.66100	1.83750	1.63020	1.63470	1.65260	1.60220	1.60860	1.61510	1.69060	1.69140	1.65590	1.66630	1.68010	1.61390	1.62210	1.61780	1.62080	1.91430	1.51000	1.51370	1.53020	1.52650	1.51660	1.56880	1.58050	1.59030	1.52970	1.56760	1.58950	1.53290	1.54440	1.56210	1.59310	2.10910
82 = D0_13:35:52	71737	300	1.70250	1.70700	1.64370	1.68950	1.69060	1.68350	1.70950	1.71620	1.68090	1.69610	1.71350	1.63550	1.65650	1.65990	1.66880	1.85360	1.63740	1.63270	1.64210	1.60740	1.59990	1.61650	1.70900	1.68750	1.66270	1.66850	1.67340	1.61800	1.70470	1.69590	1.68840	1.93000	1.50570	1.51660	1.53050	1.51900	1.51220	1.57120	1.58540	1.59250	1.53320	1.57570	1.58450	1.53340	1.55120	1.56530	1.60130	2.12090
83 = D0_13:50:27	72611	301	1.70680	1.69940	1.64330	1.67560	1.68090	1.70840	1.69910	1.70310	1.68890	1.70240	1.70000	1.62960	1.65070	1.65790	1.66220	1.86170	1.63480	1.64550	1.64690	1.59200	1.60160	1.62120	1.69340	1.68400	1.65160	1.66090	1.67940	1.61180	1.62740	1.62150	1.62630	1.93650	1.50970	1.52000	1.52820	1.52240	1.51490	1.57300	1.57920	1.59000	1.52820	1.56590	1.59460	1.53240	1.55040	1.56450	1.59800	2.12560
84 = D0_14:05:01	73486	300	1.69860	1.71380	1.66630	1.69850	1.70160	1.68690	1.72900	1.72690	1.68280	1.70530	1.71610	1.64120	1.66130	1.66800	1.67490	1.87890	1.64830	1.67530	1.66940	1.60760	1.62210	1.62970	1.68630	1.70190	1.65160	1.66000	1.67450	1.69500	1.70470	1.69850	1.69960	1.93700	1.51270	1.52290	1.53850	1.53460	1.52070	1.57840	1.58630	1.59990	1.53580	1.57080	1.58590	1.53740	1.55350	1.56660	1.59820	2.13280
85 = D0_14:19:36	74360	301	1.69760	1.71290	1.65990	1.68850	1.68970	1.71000	1.72110	1.70040	1.68790	1.69890	1.72480	1.63610	1.65620	1.66180	1.66610	1.88400	1.63650	1.67120	1.65650	1.67100	1.61880	1.62570	1.70210	1.69880	1.64620	1.66850	1.69910	1.61680	1.62980	1.62130	1.62580	1.95260	1.51120	1.52170	1.53810	1.53590	1.52260	1.57650	1.58440	1.59490	1.52920	1.56450	1.58930	1.53580	1.54810	1.56350	1.59340	2.13670
86 = D0_14:34:10	75235	298	1.71190	1.71220	1.66070	1.69530	1.70150	1.71430	1.72040	1.70810	1.68830	1.70870	1.73550	1.64150	1.66040	1.66480	1.67280	1.89810	1.64920	1.66900	1.67310	1.63360	1.61030	1.63300	1.71990	1.69540	1.65530	1.66470	1.68760	1.62220	1.71840	1.70130	1.70480	1.96040	1.51280	1.52120	1.53790	1.52930	1.51660	1.57870	1.58520	1.59310	1.53300	1.55970	1.58210	1.53570	1.55230	1.56440	1.59730	2.14450
87 = D0_14:48:45	76110	301	1.70830	1.69580	1.64890	1.68160	1.68670	1.68010	1.72140	1.70460	1.69420	1.70510	1.73500	1.64160	1.66210	1.66700	1.67300	1.91050	1.64010	1.60070	1.66310	1.64300	1.61180	1.63000	1.69840	1.69580	1.65030	1.66740	1.69990	1.62370	1.63560	1.66810	1.70540	1.97050	1.51040	1.51700	1.53600	1.52430	1.51700	1.57320	1.58180	1.59380	1.53030	1.56710	1.60090	1.53740	1.54900	1.56990	1.59890	2.14960
88 = D0_15:03:17	76981	298	1.71660	1.70840	1.67190	1.69580	1.69480	1.70960	1.71700	1.69890	1.69880	1.71540	1.74460	1.64330	1.66110	1.66790	1.67330	1.91880	1.65070	1.65930	1.66530	1.62750	1.62150	1.64440	1.71650	1.69410	1.65520	1.66600	1.70620	1.62030	1.63900	1.63330	1.63420	1.97340	1.51360	1.52730	1.53510	1.53250	1.52250	1.58070	1.58740	1.59360	1.53750	1.56870	1.59910	1.53640	1.55300	1.56840	1.59970	2.15590
89 = D0_15:17:51	77856	298	1.70620	1.70140	1.68260	1.69530	1.70850	1.71430	1.73150	1.70840	1.69440	1.71220	1.72770	1.64890	1.66720	1.67090	1.68040	1.93530	1.66070	1.65930	1.63860	1.63050	1.61650	1.64390	1.71180	1.69610	1.65210	1.66830	1.69460	1.62820	1.71690	1.70840	1.70840	1.98400	1.50540	1.52270	1.53390	1.53140	1.52000	1.57910	1.58890	1.60000	1.53240	1.56230	1.59740	1.54180	1.55250	1.56970	1.60550	2.16150
90 = D0_15:32:26	78730	301	1.70940	1.71770	1.68140	1.69730	1.70950	1.71390	1.72890	1.71430	1.69530	1.71240	1.75010	1.65520	1.67270	1.67860	1.68630	2.04210	1.64430	1.67180	1.66800	1.62360	1.62380	1.65120	1.71750	1.71340	1.66000	1.66680	1.70440	1.63300	1.72490	1.71150	1.71720	1.98950	1.51100	1.52790	1.53950	1.53900	1.53050	1.58010	1.58500	1.60050	1.53780	1.56800	1.59820	1.54200	1.55930	1.57040	1.60370	2.20230
91 = D0_15:47:01	79605	298	1.70150	1.71570	1.67840	1.69800	1.71080	1.71630	1.71850	1.70590	1.70090	1.71290	1.74720	1.65600	1.67450	1.67710	1.68520	1.95720	1.66250	1.67780	1.67300	1.62560	1.62340	1.67580	1.72320	1.69900	1.66090	1.66550	1.70760	1.63160	1.72300	1.71230	1.71160	2.00250	1.51020	1.51740	1.53270	1.52820	1.52120	1.57870	1.58490	1.59770	1.53460	1.56410	1.59940	1.54180	1.55710	1.57110	1.60550	2.21310
92 = D0_16:01:46	80491	298	1.70810	1.70480	1.69600	1.69110	1.70730	1.71620	1.71520	1.70960	1.71840	1.72150	1.65770	1.64900	1.66640	1.67150	1.68110	1.96160	1.65830	1.67080	1.63100	1.61770	1.61680	1.69110	1.71580	1.70010	1.66140	1.66820	1.61930	1.62410	1.63880	1.63570	1.63850	2.00760	1.51230	1.52220	1.53750	1.53500	1.52630	1.58170	1.58760	1.59940	1.53430	1.56380	1.55750	1.54070	1.55370	1.56750	1.59980	2.18010
93 = D0_16:16:21	81365	300	1.71750	1.71040	1.70410	1.70860	1.71290	1.72700	1.72220	1.71750	1.70640	1.71400	1.74540	1.65420	1.67150	1.67460	1.67950	2.06450	1.67250	1.68130	1.66360	1.63720	1.63450	1.68640	1.69790	1.70570	1.65940	1.67100	1.65130	1.62810	1.72660	1.71700	1.72230	2.01560	1.51910	1.53500	1.54710	1.54890	1.53400	1.58700	1.59550	1.60310	1.53890	1.56490	1.60580	1.53970	1.55840	1.57300	1.60170	2.18530
94 = D0_16:30:55	82240	298	1.70970	1.71450	1.68700	1.70420	1.70570	1.70800	1.72390	1.70700	1.71940	1.71760	1.74790	1.65400	1.67230	1.67630	1.68260	1.98310	1.66170	1.66700	1.66790	1.66960	1.62790	1.68850	1.71320	1.70790	1.65310	1.67260	1.62350	1.62680	1.64440	1.63770	1.64360	2.01950	1.51990	1.53500	1.54170	1.54960	1.52400	1.58480	1.58970	1.60640	1.53490	1.56690	1.60630	1.54310	1.55780	1.57270	1.60310	2.18840
95 = D0_16:45:30	83114	301	1.71600	1.71020	1.67730	1.70530	1.71440	1.69440	1.71850	1.71260	1.71330	1.72250	1.74920	1.65920	1.67420	1.68230	1.68760	1.99620	1.66520	1.68910	1.66580	1.64550	1.62150	1.68850	1.72810	1.71310	1.66640	1.67570	1.63270	1.63560	1.72630	1.71300	1.71640	2.02450	1.51320	1.52490	1.54250	1.54320	1.52610	1.58650	1.59700	1.60480	1.53680	1.56730	1.60470	1.54450	1.55660	1.57120	1.60230	2.22860
96 = D0_17:00:04	83989	300	1.71620	1.70760	1.69800	1.70180	1.71120	1.72020	1.72940	1.71810	1.71180	1.72480	1.74570	1.65970	1.67810	1.68130	1.69020	2.09430	1.66290	1.61460	1.65530	1.64530	1.61850	1.68660	1.70850	1.70350	1.64700	1.67150	1.62790	1.63370	1.73480	1.72040	1.71830	2.03140	1.51200	1.52630	1.53240	1.53680	1.52050	1.58110	1.59720	1.60790	1.53200	1.56490	1.59980	1.54190	1.55850	1.57410	1.60610	2.23720
97 = D0_17:14:38	84863	298	1.71320	1.72560	1.69540	1.70640	1.72110	1.72540	1.72280	1.71620	1.71960	1.73560	1.75150	1.66550	1.68260	1.68690	1.69380	2.01670	1.66640	1.68030	1.67140	1.62630	1.62260	1.69800	1.71400	1.71430	1.67140	1.67890	1.62800	1.63950	1.72280	1.71540	1.71440	2.04440	1.51580	1.52960	1.53810	1.53720	1.52180	1.58700	1.59390	1.60700	1.53790	1.57300	1.58310	1.54320	1.56240	1.57330	1.60520	2.23500
98 = D0_17:29:13	85737	300	1.71460	1.70510	1.68080	1.69530	1.70640	1.72080	1.71360	1.71630	1.72460	1.74110	1.66860	1.66170	1.67880	1.68450	1.69150	2.02200	1.68000	1.65320	1.62270	1.62900	1.62760	1.70160	1.72980	1.71410	1.67270	1.69250	1.62800	1.63250	1.65600	1.64970	1.65450	2.04460	1.50960	1.52250	1.53170	1.53390	1.52210	1.58460	1.59150	1.60300	1.53740	1.58040	1.56430	1.54590	1.55750	1.57650	1.60590	2.24180
99 = D1_17:43:45	86610	300	1.71260	1.72520	1.71990	1.71310	1.72380	1.70300	1.73370	1.71650	1.72790	1.73290	1.67330	1.66350	1.68070	1.68510	1.69080	2.11910	1.67510	1.68050	1.68380	1.68420	1.64180	1.71100	1.74770	1.71900	1.67560	1.67420	1.63260	1.63970	1.74120	1.72510	1.72590	2.05220	1.52040	1.53900	1.55050	1.55810	1.53440	1.58940	1.60750	1.61330	1.53520	1.56740	1.61170	1.54680	1.56090	1.57510	1.60580	2.21610
100 = D1_17:58:19	87484	298	1.71820	1.72210	1.72560	1.70640	1.72760	1.72700	1.73300	1.72340	1.72290	1.73180	1.75810	1.67000	1.68900	1.69070	1.69810	2.12070	1.68150	1.67060	1.64620	1.63770	1.64150	1.71300	1.74080	1.71920	1.68100	1.67560	1.63260	1.64530	1.74060	1.72550	1.72480	2.05900	1.51670	1.52860	1.53980	1.55150	1.53160	1.58830	1.60120	1.61130	1.54400	1.57150	1.60810	1.55000	1.56380	1.57660	1.60850	2.24900
101 = D1_18:12:54 	88358 	300 	1.72600	1.72800	1.70250	1.71420	1.72170	1.73220	1.72800	1.72420	1.73250	1.73650	1.75660	1.66920	1.68690	1.68980	1.69500	2.13860	1.67490	1.67590	1.64860	1.63950	1.64090	1.70840	1.74860	1.71390	1.68110	1.68390	1.63240	1.64480	1.73030	1.72000	1.72980	2.06280	1.51500	1.53050	1.54220	1.55350	1.53350	1.58570	1.60170	1.61270	1.54030	1.56820	1.61060	1.55010	1.56320	1.57690	1.60830	2.25500